2 0.4140625 0.5734375 0.0984375 0.2375
2 0.02265625 0.47421875 0.0453125 0.0953125
2 0.07265625 0.540625 0.05546875 0.24765625
2 0.09765625 0.53828125 0.03515625 0.2359375
2 0.14453125 0.553125 0.06171875 0.2828125
2 0.221875 0.5 0.02421875 0.13515625
2 0.2390625 0.50859375 0.04765625 0.17578125
2 0.2671875 0.4921875 0.01796875 0.0953125
2 0.275 0.309375 0.0296875 0.06171875
2 0.35703125 0.48515625 0.02421875 0.109375
2 0.42109375 0.4515625 0.02578125 0.0453125
2 0.44453125 0.434375 0.01015625 0.0515625
2 0.46328125 0.4390625 0.015625 0.046875
2 0.471875 0.40234375 0.0234375 0.046875
2 0.53984375 0.4609375 0.02578125 0.07109375
2 0.6640625 0.60625 0.11875 0.240625
2 0.73125 0.4671875 0.03046875 0.06640625
2 0.8015625 0.48515625 0.0375 0.1015625
2 0.8203125 0.4140625 0.0203125 0.09140625
2 0.88046875 0.3828125 0.01953125 0.03046875
2 0.8984375 0.553125 0.053125 0.30859375