2 0.26640625 0.0640625 0.33125 0.109375
2 0.2046875 0.159375 0.40625 0.159375
2 0.36953125 0.1140625 0.1234375 0.0578125
2 0.3828125 0.165625 0.11875 0.0875
2 0.39296875 0.27734375 0.0953125 0.075
2 0.26484375 0.3921875 0.33125 0.10625
2 0.3578125 0.484375 0.19375 0.196875
2 0.33828125 0.66015625 0.1859375 0.0796875
2 0.3953125 0.69765625 0.075 0.040625
2 0.28984375 0.73046875 0.303125 0.0703125
2 0.26796875 0.82109375 0.334375 0.1109375
2 0.415625 0.875 0.0890625 0.0484375
2 0.27578125 0.92421875 0.290625 0.103125
2 0.29765625 0.9359375 0.28125 0.1109375