2 0.0640625 0.73359375 0.10859375 0.33125
2 0.159375 0.7953125 0.15859375 0.40703125
2 0.1140625 0.63046875 0.0578125 0.1234375
2 0.165625 0.6171875 0.08671875 0.11875
2 0.27734375 0.60703125 0.075 0.0953125
2 0.3921875 0.73515625 0.10625 0.33203125
2 0.484375 0.6421875 0.19609375 0.19296875
2 0.66015625 0.66171875 0.0796875 0.1859375
2 0.69765625 0.6046875 0.04140625 0.07578125
2 0.73046875 0.71015625 0.0703125 0.30234375
2 0.82109375 0.73203125 0.1109375 0.334375
2 0.875 0.584375 0.0484375 0.0890625
2 0.92421875 0.72421875 0.103125 0.28984375
2 0.9359375 0.70234375 0.1109375 0.28203125