2 0.73359375 0.9359375 0.33125 0.109375
2 0.7953125 0.840625 0.40625 0.159375
2 0.63046875 0.8859375 0.1234375 0.0578125
2 0.6171875 0.834375 0.11875 0.0875
2 0.60703125 0.72265625 0.0953125 0.075
2 0.73515625 0.6078125 0.33125 0.10625
2 0.6421875 0.515625 0.19375 0.196875
2 0.66171875 0.33984375 0.1859375 0.0796875
2 0.6046875 0.30234375 0.075 0.040625
2 0.71015625 0.26953125 0.303125 0.0703125
2 0.73203125 0.17890625 0.334375 0.1109375
2 0.584375 0.125 0.0890625 0.0484375
2 0.72421875 0.07578125 0.290625 0.103125
2 0.70234375 0.0640625 0.28125 0.1109375