2 0.0421875 0.778125 0.084375 0.18125
2 0.12421875 0.8828125 0.24375 0.23125
2 0.09921875 0.7078125 0.075 0.1359375
2 0.14375 0.63203125 0.046875 0.071875
2 0.15703125 0.5640625 0.0296875 0.075
2 0.24765625 0.865625 0.1859375 0.265625
2 0.209375 0.653125 0.06875 0.184375
2 0.190625 0.51953125 0.025 0.0375
2 0.2390625 0.62734375 0.0375 0.0953125
2 0.2921875 0.73359375 0.065625 0.14375
2 0.3296875 0.7953125 0.1140625 0.278125
2 0.315625 0.625 0.05625 0.103125
2 0.44609375 0.85078125 0.271875 0.296875
2 0.38984375 0.54921875 0.040625 0.08125
2 0.50234375 0.83046875 0.15625 0.3375
2 0.53125 0.75 0.1390625 0.25
2 0.4921875 0.61015625 0.059375 0.08125
2 0.56484375 0.6765625 0.065625 0.1609375
2 0.58515625 0.56484375 0.0625 0.121875
2 0.6734375 0.59609375 0.084375 0.184375
2 0.73125 0.83125 0.121875 0.334375
2 0.71171875 0.54375 0.053125 0.08125
2 0.85078125 0.81953125 0.215625 0.35625
2 0.75625 0.51015625 0.025 0.053125
2 0.8015625 0.5375 0.0375 0.0734375
2 0.95859375 0.684375 0.0796875 0.253125