2 0.0421875 0.778125 0.08359375 0.18046875
2 0.12421875 0.8828125 0.24453125 0.23125
2 0.09921875 0.7078125 0.075 0.1359375
2 0.14375 0.63203125 0.04765625 0.071875
2 0.15703125 0.5640625 0.0296875 0.07578125
2 0.24765625 0.865625 0.1859375 0.26640625
2 0.209375 0.653125 0.06796875 0.184375
2 0.190625 0.51953125 0.02578125 0.03828125
2 0.2390625 0.62734375 0.03828125 0.0953125
2 0.2921875 0.73359375 0.06640625 0.14375
2 0.3296875 0.7953125 0.1140625 0.278125
2 0.315625 0.625 0.05703125 0.10234375
2 0.44609375 0.85078125 0.27265625 0.29609375
2 0.38984375 0.54921875 0.03984375 0.08203125
2 0.50234375 0.83046875 0.15703125 0.33671875
2 0.53125 0.75 0.1390625 0.24921875
2 0.4921875 0.61015625 0.05859375 0.08046875
2 0.56484375 0.6765625 0.065625 0.1609375
2 0.58515625 0.56484375 0.06171875 0.12265625
2 0.6734375 0.59609375 0.08515625 0.184375
2 0.73125 0.83125 0.121875 0.33515625
2 0.71171875 0.54375 0.05234375 0.08046875
2 0.85078125 0.81953125 0.21484375 0.35703125
2 0.75625 0.51015625 0.02421875 0.05390625
2 0.8015625 0.5375 0.03671875 0.0734375
2 0.95859375 0.684375 0.0796875 0.253125