2 0.778125 0.9578125 0.18125 0.084375
2 0.8828125 0.87578125 0.23125 0.2453125
2 0.7078125 0.90078125 0.1359375 0.075
2 0.63203125 0.85625 0.071875 0.046875
2 0.5640625 0.84296875 0.075 0.0296875
2 0.865625 0.75234375 0.265625 0.1859375
2 0.653125 0.790625 0.184375 0.06875
2 0.51953125 0.809375 0.0375 0.025
2 0.62734375 0.7609375 0.0953125 0.0375
2 0.73359375 0.7078125 0.14375 0.065625
2 0.7953125 0.6703125 0.278125 0.1140625
2 0.625 0.684375 0.103125 0.05625
2 0.85078125 0.55390625 0.296875 0.271875
2 0.54921875 0.61015625 0.08125 0.040625
2 0.83046875 0.49765625 0.3375 0.15625
2 0.75 0.46875 0.25 0.1390625
2 0.61015625 0.5078125 0.08125 0.059375
2 0.6765625 0.43515625 0.1609375 0.065625
2 0.56484375 0.41484375 0.121875 0.0625
2 0.59609375 0.3265625 0.184375 0.084375
2 0.83125 0.26875 0.334375 0.121875
2 0.54375 0.28828125 0.08125 0.053125
2 0.81953125 0.14921875 0.35625 0.215625
2 0.51015625 0.24375 0.053125 0.025
2 0.5375 0.1984375 0.0734375 0.0375
2 0.684375 0.04140625 0.253125 0.0796875