2 0.68359375 0.8390625 0.61875 0.321875
2 0.25078125 0.96796875 0.16875 0.0640625
2 0.22109375 0.9296875 0.146875 0.0640625
2 0.25859375 0.853125 0.265625 0.1421875
2 0.20625 0.7890625 0.18125 0.053125
2 0.21484375 0.6921875 0.39375 0.209375
2 0.57265625 0.5890625 0.65625 0.253125
2 0.19453125 0.6109375 0.16875 0.06875
2 0.65859375 0.3890625 0.68125 0.4796875
2 0.26875 0.5046875 0.20625 0.096875
2 0.1046875 0.15390625 0.209375 0.1765625
2 0.359375 0.1046875 0.5734375 0.209375
2 0.43046875 0.115625 0.678125 0.1296875