2 0.1609375 0.68359375 0.321875 0.61796875
2 0.03203125 0.25078125 0.0640625 0.16875
2 0.0703125 0.22109375 0.0640625 0.14609375
2 0.146875 0.25859375 0.1421875 0.26640625
2 0.2109375 0.20625 0.05234375 0.18125
2 0.3078125 0.21484375 0.20859375 0.39375
2 0.4109375 0.57265625 0.25234375 0.65546875
2 0.3890625 0.19453125 0.06875 0.16953125
2 0.6109375 0.65859375 0.4796875 0.68125
2 0.4953125 0.26875 0.09765625 0.20546875
2 0.84609375 0.1046875 0.1765625 0.209375
2 0.8953125 0.359375 0.20859375 0.5734375
2 0.884375 0.43046875 0.1296875 0.678125