2 0.31640625 0.1609375 0.61875 0.321875
2 0.74921875 0.03203125 0.16875 0.0640625
2 0.77890625 0.0703125 0.146875 0.0640625
2 0.74140625 0.146875 0.265625 0.1421875
2 0.79375 0.2109375 0.18125 0.053125
2 0.78515625 0.3078125 0.39375 0.209375
2 0.42734375 0.4109375 0.65625 0.253125
2 0.80546875 0.3890625 0.16875 0.06875
2 0.34140625 0.6109375 0.68125 0.4796875
2 0.73125 0.4953125 0.20625 0.096875
2 0.8953125 0.84609375 0.209375 0.1765625
2 0.640625 0.8953125 0.5734375 0.209375
2 0.56953125 0.884375 0.678125 0.1296875