2 0.034375 0.53671875 0.06875 0.140625
2 0.040625 0.50859375 0.08125 0.1734375
2 0.196875 0.4984375 0.08046875 0.140625
2 0.2453125 0.56875 0.0703125 0.18046875
2 0.3078125 0.5078125 0.078125 0.13203125
2 0.45078125 0.5734375 0.1 0.159375
2 0.4890625 0.62734375 0.1484375 0.1828125
2 0.5171875 0.65625 0.15625 0.27109375
2 0.50625 0.48828125 0.0609375 0.10234375
2 0.634375 0.71484375 0.1734375 0.29296875
2 0.6171875 0.5359375 0.09140625 0.18046875
2 0.7546875 0.60234375 0.0890625 0.24375
2 0.75703125 0.4875 0.08984375 0.12734375
2 0.8109375 0.59921875 0.13828125 0.24609375
2 0.9546875 0.8234375 0.0890625 0.3515625
2 0.9859375 0.525 0.0265625 0.0859375