2 0.03046875 0.8453125 0.015625 0.109375
2 0.10625 0.846875 0.01484375 0.1
2 0.2375 0.84765625 0.22890625 0.128125
2 0.30546875 0.303125 0.0171875 0.09765625
2 0.32265625 0.3125 0.0171875 0.071875
2 0.36015625 0.8421875 0.02734375 0.16171875
2 0.359375 0.30625 0.01953125 0.09609375
2 0.52109375 0.8484375 0.2921875 0.1453125
2 0.61015625 0.8421875 0.02734375 0.18828125
2 0.68828125 0.83359375 0.03984375 0.246875
2 0.72578125 0.8359375 0.028125 0.2109375
2 0.74375 0.8390625 0.0171875 0.19375
2 0.76015625 0.834375 0.0171875 0.1921875
2 0.84140625 0.8390625 0.15859375 0.1828125