2 0.1546875 0.03046875 0.109375 0.015625
2 0.153125 0.10625 0.1 0.015625
2 0.15234375 0.2375 0.128125 0.228125
2 0.696875 0.30546875 0.096875 0.0171875
2 0.6875 0.32265625 0.071875 0.0171875
2 0.1578125 0.36015625 0.1625 0.028125
2 0.69375 0.359375 0.096875 0.01875
2 0.1515625 0.52109375 0.1453125 0.2921875
2 0.1578125 0.61015625 0.1875 0.028125
2 0.16640625 0.68828125 0.246875 0.040625
2 0.1640625 0.72578125 0.2109375 0.028125
2 0.1609375 0.74375 0.19375 0.0171875
2 0.165625 0.76015625 0.1921875 0.0171875
2 0.1609375 0.84140625 0.1828125 0.159375