2 0.8453125 0.96953125 0.109375 0.015625
2 0.846875 0.89375 0.1 0.015625
2 0.84765625 0.7625 0.128125 0.228125
2 0.303125 0.69453125 0.096875 0.0171875
2 0.3125 0.67734375 0.071875 0.0171875
2 0.8421875 0.63984375 0.1625 0.028125
2 0.30625 0.640625 0.096875 0.01875
2 0.8484375 0.47890625 0.1453125 0.2921875
2 0.8421875 0.38984375 0.1875 0.028125
2 0.83359375 0.31171875 0.246875 0.040625
2 0.8359375 0.27421875 0.2109375 0.028125
2 0.8390625 0.25625 0.19375 0.0171875
2 0.834375 0.23984375 0.1921875 0.0171875
2 0.8390625 0.15859375 0.1828125 0.159375