1 0.58125 0.6953125 0.08203125 0.14296875
1 0.64375 0.7515625 0.1078125 0.14609375
2 0.0265625 0.45625 0.053125 0.328125
2 0.07890625 0.428125 0.09140625 0.434375
2 0.1265625 0.5921875 0.0890625 0.340625
2 0.2109375 0.35234375 0.10859375 0.24453125
2 0.20078125 0.578125 0.084375 0.3734375
2 0.2390625 0.63203125 0.13515625 0.35703125
2 0.24609375 0.3078125 0.03046875 0.07890625
2 0.2890625 0.3421875 0.0859375 0.28671875
2 0.3078125 0.590625 0.1109375 0.3703125
2 0.37734375 0.4171875 0.109375 0.409375
2 0.39375 0.59296875 0.08359375 0.3609375
2 0.425 0.2984375 0.05625 0.121875
2 0.478125 0.40703125 0.1140625 0.1921875
2 0.478125 0.30703125 0.084375 0.15390625
2 0.48203125 0.57890625 0.09296875 0.3328125
2 0.534375 0.346875 0.03828125 0.12890625
2 0.5703125 0.4734375 0.10390625 0.45859375
2 0.615625 0.56953125 0.10390625 0.30234375
2 0.64140625 0.33984375 0.06015625 0.16484375
2 0.6921875 0.50625 0.1078125 0.5421875
2 0.77109375 0.56328125 0.13828125 0.5859375
2 0.88125 0.47265625 0.078125 0.32734375
2 0.90546875 0.45859375 0.08984375 0.2671875
2 0.9640625 0.4796875 0.0703125 0.34609375