1 0.3046875 0.58125 0.14375 0.08125
1 0.2484375 0.64375 0.146875 0.1078125
2 0.54375 0.0265625 0.328125 0.053125
2 0.571875 0.07890625 0.434375 0.090625
2 0.4078125 0.1265625 0.340625 0.0890625
2 0.64765625 0.2109375 0.24375 0.109375
2 0.421875 0.20078125 0.3734375 0.084375
2 0.36796875 0.2390625 0.35625 0.134375
2 0.6921875 0.24609375 0.078125 0.03125
2 0.6578125 0.2890625 0.2875 0.0859375
2 0.409375 0.3078125 0.3703125 0.1109375
2 0.5828125 0.37734375 0.409375 0.109375
2 0.40703125 0.39375 0.3609375 0.084375
2 0.7015625 0.425 0.121875 0.05625
2 0.59296875 0.478125 0.1921875 0.1140625
2 0.69296875 0.478125 0.153125 0.084375
2 0.42109375 0.48203125 0.3328125 0.09375
2 0.653125 0.534375 0.128125 0.0375
2 0.5265625 0.5703125 0.459375 0.103125
2 0.43046875 0.615625 0.303125 0.103125
2 0.66015625 0.64140625 0.165625 0.059375
2 0.49375 0.6921875 0.5421875 0.1078125
2 0.43671875 0.77109375 0.5859375 0.1390625
2 0.52734375 0.88125 0.328125 0.078125
2 0.54140625 0.90546875 0.2671875 0.090625
2 0.5203125 0.9640625 0.346875 0.0703125