2 0.215625 0.18359375 0.421875 0.296875
2 0.21015625 0.025 0.4109375 0.05
2 0.59296875 0.44921875 0.271875 0.8984375
2 0.3734375 0.02421875 0.1015625 0.04375
2 0.3046875 0.078125 0.2390625 0.0984375
2 0.33125 0.125 0.075 0.0515625
2 0.45859375 0.11015625 0.028125 0.0171875
2 0.2796875 0.26015625 0.228125 0.1359375
2 0.4484375 0.23125 0.0484375 0.0171875
2 0.3 0.40390625 0.103125 0.05
2 0.31171875 0.4296875 0.0859375 0.0453125
2 0.2796875 0.5 0.1109375 0.0671875
2 0.2609375 0.5484375 0.1390625 0.08125
2 0.46640625 0.515625 0.025 0.0078125
2 0.453125 0.55 0.0515625 0.0125
2 0.37890625 0.634375 0.096875 0.0265625
2 0.46640625 0.653125 0.028125 0.009375
2 0.46328125 0.665625 0.0328125 0.009375
2 0.47109375 0.73828125 0.021875 0.009375
2 0.23671875 0.8375 0.1125 0.046875
2 0.22734375 0.90390625 0.08125 0.028125
2 0.45234375 0.90078125 0.040625 0.009375
2 0.27265625 0.91328125 0.0171875 0.015625
2 0.246875 0.9640625 0.0453125 0.0328125
2 0.3984375 0.971875 0.0625 0.028125
2 0.37109375 0.9953125 0.109375 0.0078125