2 0.18359375 0.784375 0.29609375 0.421875
2 0.025 0.78984375 0.05 0.4109375
2 0.44921875 0.40703125 0.8984375 0.27265625
2 0.02421875 0.6265625 0.04296875 0.1015625
2 0.078125 0.6953125 0.0984375 0.2390625
2 0.125 0.66875 0.0515625 0.07578125
2 0.11015625 0.54140625 0.0171875 0.02734375
2 0.26015625 0.7203125 0.1359375 0.22734375
2 0.23125 0.5515625 0.0171875 0.0484375
2 0.40390625 0.7 0.05 0.103125
2 0.4296875 0.68828125 0.0453125 0.0859375
2 0.5 0.7203125 0.0671875 0.1109375
2 0.5484375 0.7390625 0.08203125 0.1390625
2 0.515625 0.53359375 0.0078125 0.02578125
2 0.55 0.546875 0.01171875 0.0515625
2 0.634375 0.62109375 0.0265625 0.096875
2 0.653125 0.53359375 0.00859375 0.02890625
2 0.665625 0.53671875 0.009375 0.0328125
2 0.73828125 0.52890625 0.009375 0.02265625
2 0.8375 0.76328125 0.046875 0.11328125
2 0.90390625 0.77265625 0.02734375 0.08046875
2 0.90078125 0.54765625 0.009375 0.03984375
2 0.91328125 0.72734375 0.015625 0.0171875
2 0.9640625 0.753125 0.0328125 0.0453125
2 0.971875 0.6015625 0.028125 0.06171875
2 0.9953125 0.62890625 0.0078125 0.11015625