2 0.68515625 0.59609375 0.2359375 0.7578125
2 0.0359375 0.3734375 0.0359375 0.1921875
2 0.171875 0.5171875 0.0953125 0.56796875
2 0.2265625 0.55625 0.11640625 0.709375
2 0.3859375 0.51640625 0.0734375 0.4703125
2 0.37578125 0.296875 0.04609375 0.109375
2 0.4390625 0.275 0.0203125 0.03828125
2 0.45625 0.290625 0.02578125 0.0515625
2 0.52421875 0.61484375 0.1546875 0.71640625
2 0.48125 0.45390625 0.0609375 0.4125
2 0.56875 0.28984375 0.0265625 0.0484375
2 0.596875 0.2984375 0.0578125 0.10703125
2 0.7640625 0.32890625 0.08359375 0.1953125
2 0.771875 0.27734375 0.03984375 0.0953125