2 0.59609375 0.31484375 0.7578125 0.2359375
2 0.3734375 0.9640625 0.1921875 0.0359375
2 0.5171875 0.828125 0.56875 0.0953125
2 0.55625 0.7734375 0.709375 0.1171875
2 0.51640625 0.6140625 0.4703125 0.0734375
2 0.296875 0.62421875 0.109375 0.046875
2 0.275 0.5609375 0.0375 0.0203125
2 0.290625 0.54375 0.0515625 0.025
2 0.61484375 0.47578125 0.715625 0.1546875
2 0.45390625 0.51875 0.4125 0.0609375
2 0.28984375 0.43125 0.0484375 0.0265625
2 0.2984375 0.403125 0.10625 0.0578125
2 0.32890625 0.2359375 0.1953125 0.084375
2 0.27734375 0.228125 0.0953125 0.040625