2 0.0515625 0.4984375 0.10234375 0.49609375
2 0.1234375 0.56953125 0.2078125 0.65078125
2 0.18046875 0.6171875 0.21953125 0.753125
2 0.225 0.31484375 0.06796875 0.12578125
2 0.278125 0.303125 0.05 0.09453125
2 0.3 0.3015625 0.02734375 0.0703125
2 0.33203125 0.41953125 0.08203125 0.3015625
2 0.34765625 0.4390625 0.0921875 0.28203125
2 0.50234375 0.5625 0.321875 0.87265625
2 0.384375 0.30546875 0.0359375 0.05390625
2 0.5578125 0.5859375 0.240625 0.80859375
2 0.6453125 0.35078125 0.0484375 0.13671875
2 0.68671875 0.35703125 0.07890625 0.17421875
2 0.7578125 0.35234375 0.05859375 0.11875
2 0.784375 0.36875 0.0953125 0.11875
2 0.8375 0.365625 0.0484375 0.121875
2 0.8921875 0.36015625 0.08671875 0.1296875