2 0.5015625 0.0515625 0.496875 0.103125
2 0.43046875 0.1234375 0.65 0.2078125
2 0.3828125 0.18046875 0.753125 0.21875
2 0.68515625 0.225 0.125 0.06875
2 0.696875 0.278125 0.09375 0.05
2 0.6984375 0.3 0.0703125 0.028125
2 0.58046875 0.33203125 0.3015625 0.08125
2 0.5609375 0.34765625 0.28125 0.0921875
2 0.4375 0.50234375 0.871875 0.321875
2 0.69453125 0.384375 0.053125 0.0359375
2 0.4140625 0.5578125 0.809375 0.240625
2 0.64921875 0.6453125 0.1375 0.0484375
2 0.64296875 0.68671875 0.175 0.078125
2 0.64765625 0.7578125 0.11875 0.059375
2 0.63125 0.784375 0.11875 0.0953125
2 0.634375 0.8375 0.121875 0.0484375
2 0.63984375 0.8921875 0.1296875 0.0875