2 0.4984375 0.9484375 0.496875 0.103125
2 0.56953125 0.8765625 0.65 0.2078125
2 0.6171875 0.81953125 0.753125 0.2203125
2 0.31484375 0.775 0.125 0.06875
2 0.303125 0.721875 0.09375 0.05
2 0.3015625 0.7 0.0703125 0.028125
2 0.41953125 0.66796875 0.3015625 0.08125
2 0.4390625 0.65234375 0.28125 0.0921875
2 0.5625 0.49765625 0.871875 0.321875
2 0.30546875 0.615625 0.053125 0.0359375
2 0.5859375 0.4421875 0.809375 0.240625
2 0.35078125 0.3546875 0.1375 0.0484375
2 0.35703125 0.31328125 0.175 0.078125
2 0.35234375 0.2421875 0.11875 0.059375
2 0.36875 0.215625 0.11875 0.0953125
2 0.365625 0.1625 0.121875 0.0484375
2 0.36015625 0.1078125 0.1296875 0.0875