2 0.03359375 0.77109375 0.03046875 0.15859375
2 0.0578125 0.7515625 0.0203125 0.109375
2 0.1046875 0.7921875 0.05625 0.21953125
2 0.08828125 0.7078125 0.01171875 0.025
2 0.13515625 0.753125 0.02578125 0.1125
2 0.21015625 0.67578125 0.11640625 0.2109375
2 0.215625 0.6015625 0.10546875 0.14765625
2 0.3296875 0.81328125 0.11640625 0.371875
2 0.396875 0.76171875 0.03203125 0.11171875
2 0.425 0.5625 0.01875 0.01796875
2 0.62265625 0.7890625 0.0390625 0.17109375
2 0.70703125 0.853125 0.1796875 0.2921875
2 0.63515625 0.715625 0.01640625 0.0359375
2 0.6640625 0.7734375 0.0234375 0.1484375
2 0.784375 0.85546875 0.0984375 0.2875