2 0.77109375 0.96640625 0.159375 0.03125
2 0.7515625 0.9421875 0.109375 0.0203125
2 0.7921875 0.8953125 0.21875 0.05625
2 0.7078125 0.91171875 0.025 0.0125
2 0.753125 0.86484375 0.1125 0.025
2 0.67578125 0.78984375 0.2109375 0.115625
2 0.6015625 0.784375 0.146875 0.10625
2 0.81328125 0.6703125 0.371875 0.1171875
2 0.76171875 0.603125 0.1125 0.03125
2 0.5625 0.575 0.01875 0.01875
2 0.7890625 0.37734375 0.171875 0.0390625
2 0.853125 0.29296875 0.2921875 0.1796875
2 0.715625 0.36484375 0.0359375 0.015625
2 0.7734375 0.3359375 0.1484375 0.0234375
2 0.85546875 0.215625 0.2875 0.0984375