0 0.08671875 0.71640625 0.125 0.1515625
0 0.08671875 0.36796875 0.11875 0.146875
0 0.10859375 0.56015625 0.14375 0.125
0 0.07578125 0.1984375 0.071875 0.1203125
0 0.08828125 0.90078125 0.096875 0.1359375
0 0.13984375 0.203125 0.0625 0.125
0 0.2453125 0.36484375 0.1921875 0.153125
0 0.225 0.91640625 0.109375 0.090625
0 0.259375 0.55703125 0.153125 0.13125
0 0.2375 0.73125 0.096875 0.13125
0 0.309375 0.1828125 0.171875 0.15625
0 0.32265625 0.74140625 0.14375 0.075
0 0.37421875 0.903125 0.159375 0.1359375
0 0.459375 0.38828125 0.18125 0.0890625
0 0.45625 0.55390625 0.14375 0.10625
0 0.525 0.74453125 0.2484375 0.109375
0 0.48125 0.18515625 0.125 0.14375
0 0.5296875 0.89921875 0.121875 0.146875
0 0.67578125 0.54921875 0.2453125 0.1203125
0 0.63515625 0.375 0.140625 0.1515625
0 0.67109375 0.17890625 0.2109375 0.16875
0 0.66015625 0.90703125 0.128125 0.1359375
0 0.7421875 0.7234375 0.1875 0.134375
0 0.84296875 0.36796875 0.2390625 0.134375
0 0.79375 0.3953125 0.121875 0.08125
0 0.84609375 0.8828125 0.2203125 0.15
0 0.88984375 0.19765625 0.128125 0.13125
0 0.89453125 0.54765625 0.1375 0.140625
0 0.90546875 0.71171875 0.115625 0.14375