0 0.71640625 0.91328125 0.1515625 0.125
0 0.36796875 0.91328125 0.146875 0.11875
0 0.56015625 0.89140625 0.125 0.14375
0 0.1984375 0.92421875 0.1203125 0.071875
0 0.90078125 0.91171875 0.1359375 0.096875
0 0.203125 0.86015625 0.125 0.0625
0 0.36484375 0.7546875 0.153125 0.1921875
0 0.91640625 0.775 0.090625 0.109375
0 0.55703125 0.740625 0.13125 0.153125
0 0.73125 0.7625 0.13125 0.096875
0 0.1828125 0.690625 0.15625 0.171875
0 0.74140625 0.67734375 0.075 0.14375
0 0.903125 0.62578125 0.1359375 0.159375
0 0.38828125 0.540625 0.0890625 0.18125
0 0.55390625 0.54375 0.10625 0.14375
0 0.74453125 0.475 0.109375 0.2484375
0 0.18515625 0.51875 0.14375 0.125
0 0.89921875 0.4703125 0.146875 0.121875
0 0.54921875 0.32421875 0.1203125 0.2453125
0 0.375 0.36484375 0.1515625 0.140625
0 0.17890625 0.32890625 0.16875 0.2109375
0 0.90703125 0.33984375 0.1359375 0.128125
0 0.7234375 0.2578125 0.134375 0.1875
0 0.36796875 0.15703125 0.134375 0.2390625
0 0.3953125 0.20625 0.08125 0.121875
0 0.8828125 0.15390625 0.15 0.2203125
0 0.19765625 0.11015625 0.13125 0.128125
0 0.54765625 0.10546875 0.140625 0.1375
0 0.71171875 0.09453125 0.14375 0.115625