2 0.134375 0.52265625 0.07421875 0.24609375
2 0.16640625 0.5390625 0.1171875 0.29609375
2 0.21796875 0.59765625 0.1328125 0.31171875
2 0.203125 0.54296875 0.1015625 0.2421875
2 0.2578125 0.68125 0.1515625 0.37109375
2 0.31015625 0.7046875 0.1703125 0.396875
2 0.26640625 0.44140625 0.07109375 0.11875
2 0.40625 0.46875 0.06796875 0.12265625
2 0.5359375 0.4953125 0.0953125 0.1765625
2 0.60078125 0.51640625 0.0953125 0.18125
2 0.66640625 0.534375 0.10234375 0.2140625
2 0.8328125 0.83828125 0.22578125 0.32109375
2 0.775 0.56640625 0.0953125 0.23828125
2 0.83984375 0.5984375 0.221875 0.30546875