2 0.47734375 0.134375 0.246875 0.075
2 0.4609375 0.16640625 0.296875 0.1171875
2 0.40234375 0.21796875 0.3125 0.1328125
2 0.45703125 0.203125 0.2421875 0.1015625
2 0.31875 0.2578125 0.371875 0.1515625
2 0.2953125 0.31015625 0.396875 0.1703125
2 0.55859375 0.26640625 0.11875 0.071875
2 0.53125 0.40625 0.121875 0.06875
2 0.5046875 0.5359375 0.1765625 0.0953125
2 0.48359375 0.60078125 0.18125 0.0953125
2 0.465625 0.66640625 0.2140625 0.103125
2 0.16171875 0.8328125 0.321875 0.2265625
2 0.43359375 0.775 0.2375 0.0953125
2 0.4015625 0.83984375 0.30625 0.221875