2 0.05546875 0.79765625 0.09296875 0.2140625
2 0.040625 0.565625 0.0328125 0.0984375
2 0.0734375 0.571875 0.0328125 0.12109375
2 0.15625 0.91328125 0.1296875 0.17109375
2 0.13203125 0.5796875 0.0296875 0.1703125
2 0.18359375 0.79296875 0.0859375 0.296875
2 0.18828125 0.5578125 0.08828125 0.18046875
2 0.22890625 0.7859375 0.07421875 0.24140625
2 0.25546875 0.5765625 0.0734375 0.18046875
2 0.2703125 0.815625 0.06015625 0.228125
2 0.2765625 0.5078125 0.02109375 0.0765625
2 0.31328125 0.55234375 0.059375 0.1515625
2 0.34375 0.775 0.07421875 0.2546875
2 0.35234375 0.565625 0.0453125 0.16796875
2 0.38515625 0.56953125 0.0484375 0.15703125
2 0.42421875 0.5765625 0.0625 0.16484375
2 0.4796875 0.571875 0.0515625 0.159375
2 0.5171875 0.5578125 0.05390625 0.14453125
2 0.5453125 0.546875 0.04296875 0.16328125
2 0.65859375 0.88359375 0.1296875 0.23046875
2 0.62265625 0.58203125 0.03671875 0.13125
2 0.66796875 0.715625 0.09765625 0.15546875
2 0.709375 0.82734375 0.0796875 0.34375
2 0.7421875 0.571875 0.0453125 0.140625
2 0.78046875 0.60078125 0.0609375 0.2046875
2 0.83359375 0.59765625 0.1078125 0.1921875
2 0.85234375 0.75625 0.10234375 0.2015625
2 0.8625 0.5671875 0.0578125 0.13046875
2 0.8953125 0.75703125 0.0484375 0.16953125
2 0.9046875 0.57890625 0.06328125 0.15703125
2 0.9390625 0.73046875 0.0953125 0.1421875
2 0.9640625 0.58203125 0.0640625 0.13828125
2 0.9875 0.565625 0.0234375 0.10546875