2 0.79765625 0.94453125 0.2140625 0.09375
2 0.565625 0.959375 0.0984375 0.0328125
2 0.571875 0.9265625 0.121875 0.0328125
2 0.91328125 0.84375 0.171875 0.1296875
2 0.5796875 0.86796875 0.1703125 0.0296875
2 0.79296875 0.81640625 0.296875 0.0859375
2 0.5578125 0.81171875 0.18125 0.0875
2 0.7859375 0.77109375 0.240625 0.075
2 0.5765625 0.74453125 0.18125 0.0734375
2 0.815625 0.7296875 0.228125 0.0609375
2 0.5078125 0.7234375 0.0765625 0.021875
2 0.55234375 0.68671875 0.1515625 0.059375
2 0.775 0.65625 0.2546875 0.075
2 0.565625 0.64765625 0.16875 0.0453125
2 0.56953125 0.61484375 0.15625 0.0484375
2 0.5765625 0.57578125 0.165625 0.0625
2 0.571875 0.5203125 0.159375 0.0515625
2 0.5578125 0.4828125 0.14375 0.053125
2 0.546875 0.4546875 0.1625 0.04375
2 0.88359375 0.34140625 0.23125 0.1296875
2 0.58203125 0.37734375 0.13125 0.0375
2 0.715625 0.33203125 0.15625 0.096875
2 0.82734375 0.290625 0.34375 0.0796875
2 0.571875 0.2578125 0.140625 0.0453125
2 0.60078125 0.21953125 0.2046875 0.0609375
2 0.59765625 0.16640625 0.1921875 0.1078125
2 0.75625 0.14765625 0.2015625 0.103125
2 0.5671875 0.1375 0.13125 0.0578125
2 0.75703125 0.1046875 0.16875 0.0484375
2 0.57890625 0.0953125 0.15625 0.0625
2 0.73046875 0.0609375 0.1421875 0.0953125
2 0.58203125 0.0359375 0.1375 0.0640625
2 0.565625 0.0125 0.10625 0.0234375