2 0.20234375 0.05546875 0.2140625 0.09375
2 0.434375 0.040625 0.0984375 0.0328125
2 0.428125 0.0734375 0.121875 0.0328125
2 0.08671875 0.15625 0.171875 0.1296875
2 0.4203125 0.13203125 0.1703125 0.0296875
2 0.20703125 0.18359375 0.296875 0.0859375
2 0.4421875 0.18828125 0.18125 0.0875
2 0.2140625 0.22890625 0.240625 0.075
2 0.4234375 0.25546875 0.18125 0.0734375
2 0.184375 0.2703125 0.228125 0.059375
2 0.4921875 0.2765625 0.0765625 0.021875
2 0.44765625 0.31328125 0.1515625 0.059375
2 0.225 0.34375 0.2546875 0.075
2 0.434375 0.35234375 0.16875 0.0453125
2 0.43046875 0.38515625 0.15625 0.0484375
2 0.4234375 0.42421875 0.165625 0.0625
2 0.428125 0.4796875 0.159375 0.0515625
2 0.4421875 0.5171875 0.14375 0.053125
2 0.453125 0.5453125 0.1625 0.04375
2 0.11640625 0.65859375 0.23125 0.1296875
2 0.41796875 0.62265625 0.13125 0.0375
2 0.284375 0.66796875 0.15625 0.096875
2 0.17265625 0.709375 0.34375 0.0796875
2 0.428125 0.7421875 0.140625 0.0453125
2 0.39921875 0.78046875 0.2046875 0.0609375
2 0.40234375 0.83359375 0.1921875 0.1078125
2 0.24375 0.85234375 0.2015625 0.103125
2 0.4328125 0.8625 0.13125 0.0578125
2 0.24296875 0.8953125 0.16875 0.0484375
2 0.42109375 0.9046875 0.15625 0.0625
2 0.26953125 0.9390625 0.1421875 0.0953125
2 0.41796875 0.9640625 0.1375 0.0640625
2 0.434375 0.9875 0.10625 0.0234375