2 0.6734375 0.33125 0.6484375 0.3875
2 0.30703125 0.9875 0.071875 0.025
2 0.5484375 0.93125 0.40625 0.1375
2 0.28671875 0.95703125 0.0546875 0.028125
2 0.33359375 0.93671875 0.109375 0.05
2 0.27578125 0.92421875 0.0359375 0.01875
2 0.28515625 0.909375 0.0515625 0.028125
2 0.2796875 0.859375 0.04375 0.03125
2 0.34609375 0.83984375 0.15 0.0671875
2 0.6109375 0.690625 0.5328125 0.346875
2 0.296875 0.8484375 0.0546875 0.0265625
2 0.26171875 0.8265625 0.028125 0.015625
2 0.27421875 0.8109375 0.040625 0.015625
2 0.278125 0.7953125 0.0375 0.021875
2 0.39921875 0.7484375 0.159375 0.0921875
2 0.278125 0.76796875 0.0375 0.028125
2 0.37421875 0.74375 0.178125 0.0640625
2 0.2671875 0.75625 0.034375 0.0203125
2 0.2703125 0.728125 0.01875 0.009375
2 0.26796875 0.71640625 0.034375 0.0140625
2 0.2875 0.7 0.04375 0.0265625
2 0.2578125 0.68828125 0.021875 0.0109375
2 0.31484375 0.6765625 0.090625 0.034375
2 0.284375 0.67109375 0.05625 0.0328125
2 0.37421875 0.625 0.125 0.0859375
2 0.28359375 0.64375 0.0421875 0.0234375
2 0.296875 0.6171875 0.075 0.046875
2 0.46484375 0.5640625 0.2390625 0.1328125
2 0.26484375 0.5984375 0.01875 0.009375
2 0.271875 0.58125 0.025 0.0140625
2 0.303125 0.5515625 0.075 0.0359375
2 0.26171875 0.553125 0.0171875 0.01875
2 0.2921875 0.525 0.046875 0.025
2 0.29296875 0.49921875 0.06875 0.0375
2 0.45546875 0.43203125 0.275 0.1375
2 0.3734375 0.42734375 0.1375 0.1140625
2 0.28046875 0.46953125 0.0421875 0.0171875
2 0.28359375 0.4515625 0.0328125 0.025
2 0.29453125 0.4296875 0.01875 0.040625
2 0.21171875 0.42265625 0.046875 0.03125
2 0.27734375 0.42734375 0.025 0.0171875
2 0.2859375 0.40625 0.03125 0.0171875
2 0.28515625 0.39140625 0.0453125 0.0203125
2 0.28359375 0.36796875 0.0390625 0.021875
2 0.29453125 0.3546875 0.053125 0.03125
2 0.31953125 0.325 0.06875 0.0421875
2 0.2828125 0.31875 0.028125 0.0203125
2 0.2984375 0.2828125 0.0515625 0.028125
2 0.5859375 0.2046875 0.46875 0.171875
2 0.30703125 0.26875 0.05625 0.034375
2 0.3203125 0.23515625 0.08125 0.05
2 0.428125 0.1734375 0.209375 0.109375
2 0.309375 0.203125 0.021875 0.01875
2 0.29453125 0.19140625 0.0296875 0.0234375
2 0.2921875 0.165625 0.025 0.0125
2 0.30078125 0.1484375 0.034375 0.028125
2 0.3296875 0.1109375 0.071875 0.046875
2 0.309375 0.0921875 0.0671875 0.040625