2 0.66875 0.6734375 0.3875 0.6484375
2 0.0125 0.30703125 0.02421875 0.07265625
2 0.06875 0.5484375 0.13671875 0.40703125
2 0.04296875 0.28671875 0.028125 0.0546875
2 0.06328125 0.33359375 0.04921875 0.109375
2 0.07578125 0.27578125 0.01953125 0.0359375
2 0.090625 0.28515625 0.02890625 0.0515625
2 0.140625 0.2796875 0.03203125 0.04453125
2 0.16015625 0.34609375 0.0671875 0.15
2 0.309375 0.6109375 0.34765625 0.5328125
2 0.1515625 0.296875 0.0265625 0.0546875
2 0.1734375 0.26171875 0.015625 0.02734375
2 0.1890625 0.27421875 0.01484375 0.04140625
2 0.2046875 0.278125 0.021875 0.0375
2 0.2515625 0.39921875 0.0921875 0.16015625
2 0.23203125 0.278125 0.02734375 0.0375
2 0.25625 0.37421875 0.0640625 0.17890625
2 0.24375 0.2671875 0.0203125 0.03515625
2 0.271875 0.2703125 0.00859375 0.01796875
2 0.28359375 0.26796875 0.0140625 0.03359375
2 0.3 0.2875 0.0265625 0.04296875
2 0.31171875 0.2578125 0.0109375 0.02265625
2 0.3234375 0.31484375 0.03359375 0.09140625
2 0.32890625 0.284375 0.0328125 0.05703125
2 0.375 0.37421875 0.0859375 0.12421875
2 0.35625 0.28359375 0.0234375 0.0421875
2 0.3828125 0.296875 0.04765625 0.07578125
2 0.4359375 0.46484375 0.1328125 0.2390625
2 0.4015625 0.26484375 0.01015625 0.01796875
2 0.41875 0.271875 0.0140625 0.02578125
2 0.4484375 0.303125 0.0359375 0.07421875
2 0.446875 0.26171875 0.01796875 0.0171875
2 0.475 0.2921875 0.02578125 0.046875
2 0.50078125 0.29296875 0.0375 0.06796875
2 0.56796875 0.45546875 0.13828125 0.27578125
2 0.57265625 0.3734375 0.1140625 0.13671875
2 0.53046875 0.28046875 0.0171875 0.0421875
2 0.5484375 0.28359375 0.02421875 0.0328125
2 0.5703125 0.29453125 0.04140625 0.01796875
2 0.57734375 0.21171875 0.03125 0.046875
2 0.57265625 0.27734375 0.0171875 0.02578125
2 0.59375 0.2859375 0.0171875 0.03046875
2 0.60859375 0.28515625 0.0203125 0.0453125
2 0.63203125 0.28359375 0.021875 0.0390625
2 0.6453125 0.29453125 0.03203125 0.053125
2 0.675 0.31953125 0.0421875 0.06796875
2 0.68125 0.2828125 0.0203125 0.02734375
2 0.7171875 0.2984375 0.02890625 0.0515625
2 0.7953125 0.5859375 0.171875 0.46796875
2 0.73125 0.30703125 0.03359375 0.05546875
2 0.76484375 0.3203125 0.04921875 0.08203125
2 0.8265625 0.428125 0.11015625 0.20859375
2 0.796875 0.309375 0.01796875 0.02265625
2 0.80859375 0.29453125 0.0234375 0.0296875
2 0.834375 0.2921875 0.01171875 0.02578125
2 0.8515625 0.30078125 0.02734375 0.034375
2 0.8890625 0.3296875 0.04609375 0.07265625
2 0.9078125 0.309375 0.03984375 0.0671875