2 0.3265625 0.66875 0.6484375 0.3875
2 0.69296875 0.0125 0.071875 0.025
2 0.4515625 0.06875 0.40625 0.1375
2 0.71328125 0.04296875 0.0546875 0.028125
2 0.66640625 0.06328125 0.109375 0.05
2 0.72421875 0.07578125 0.0359375 0.01875
2 0.71484375 0.090625 0.0515625 0.028125
2 0.7203125 0.140625 0.04375 0.03125
2 0.65390625 0.16015625 0.15 0.0671875
2 0.3890625 0.309375 0.5328125 0.346875
2 0.703125 0.1515625 0.0546875 0.0265625
2 0.73828125 0.1734375 0.028125 0.015625
2 0.72578125 0.1890625 0.040625 0.015625
2 0.721875 0.2046875 0.0375 0.021875
2 0.60078125 0.2515625 0.159375 0.0921875
2 0.721875 0.23203125 0.0375 0.028125
2 0.62578125 0.25625 0.178125 0.0640625
2 0.7328125 0.24375 0.034375 0.0203125
2 0.7296875 0.271875 0.01875 0.009375
2 0.73203125 0.28359375 0.034375 0.0140625
2 0.7125 0.3 0.04375 0.0265625
2 0.7421875 0.31171875 0.021875 0.0109375
2 0.68515625 0.3234375 0.090625 0.034375
2 0.715625 0.32890625 0.05625 0.0328125
2 0.62578125 0.375 0.125 0.0859375
2 0.71640625 0.35625 0.0421875 0.0234375
2 0.703125 0.3828125 0.075 0.046875
2 0.53515625 0.4359375 0.2390625 0.1328125
2 0.73515625 0.4015625 0.01875 0.009375
2 0.728125 0.41875 0.025 0.0140625
2 0.696875 0.4484375 0.075 0.0359375
2 0.73828125 0.446875 0.0171875 0.01875
2 0.7078125 0.475 0.046875 0.025
2 0.70703125 0.50078125 0.06875 0.0375
2 0.54453125 0.56796875 0.275 0.1375
2 0.6265625 0.57265625 0.1375 0.1140625
2 0.71953125 0.53046875 0.0421875 0.0171875
2 0.71640625 0.5484375 0.0328125 0.025
2 0.70546875 0.5703125 0.01875 0.040625
2 0.78828125 0.57734375 0.046875 0.03125
2 0.72265625 0.57265625 0.025 0.0171875
2 0.7140625 0.59375 0.03125 0.0171875
2 0.71484375 0.60859375 0.0453125 0.0203125
2 0.71640625 0.63203125 0.0390625 0.021875
2 0.70546875 0.6453125 0.053125 0.03125
2 0.68046875 0.675 0.06875 0.0421875
2 0.7171875 0.68125 0.028125 0.0203125
2 0.7015625 0.7171875 0.0515625 0.028125
2 0.4140625 0.7953125 0.46875 0.171875
2 0.69296875 0.73125 0.05625 0.034375
2 0.6796875 0.76484375 0.08125 0.05
2 0.571875 0.8265625 0.209375 0.109375
2 0.690625 0.796875 0.021875 0.01875
2 0.70546875 0.80859375 0.0296875 0.0234375
2 0.7078125 0.834375 0.025 0.0125
2 0.69921875 0.8515625 0.034375 0.028125
2 0.6703125 0.8890625 0.071875 0.046875
2 0.690625 0.9078125 0.0671875 0.040625