2 0.4203125 0.01640625 0.04375 0.0328125
2 0.409375 0.071875 0.071875 0.028125
2 0.37734375 0.11953125 0.09375 0.053125
2 0.21796875 0.16953125 0.434375 0.1125
2 0.43359375 0.18359375 0.03125 0.01875
2 0.23046875 0.20703125 0.365625 0.059375
2 0.35859375 0.234375 0.0875 0.034375
2 0.41640625 0.23515625 0.0125 0.0125
2 0.4046875 0.25390625 0.0625 0.009375
2 0.3609375 0.26796875 0.084375 0.009375
2 0.40703125 0.303125 0.05 0.0125
2 0.2484375 0.65546875 0.49375 0.221875
2 0.22265625 0.596875 0.44375 0.08125
2 0.20859375 0.82734375 0.415625 0.34375
2 0.18203125 0.8390625 0.3625 0.309375
2 0.34296875 0.7671875 0.15 0.0625
2 0.39609375 0.88125 0.0625 0.034375
2 0.39375 0.93046875 0.034375 0.0234375
2 0.40078125 0.9578125 0.125 0.078125