2 0.01640625 0.5796875 0.0328125 0.04453125
2 0.071875 0.590625 0.028125 0.07109375
2 0.11953125 0.62265625 0.053125 0.09453125
2 0.16953125 0.78203125 0.1125 0.434375
2 0.18359375 0.56640625 0.01953125 0.03125
2 0.20703125 0.76953125 0.06015625 0.36640625
2 0.234375 0.64140625 0.03515625 0.0875
2 0.23515625 0.58359375 0.01328125 0.01328125
2 0.25390625 0.5953125 0.01015625 0.06171875
2 0.26796875 0.6390625 0.01015625 0.084375
2 0.303125 0.59296875 0.01171875 0.04921875
2 0.65546875 0.7515625 0.22109375 0.49453125
2 0.596875 0.77734375 0.08203125 0.44375
2 0.82734375 0.79140625 0.34375 0.41484375
2 0.8390625 0.81796875 0.30859375 0.36171875
2 0.7671875 0.65703125 0.0625 0.15
2 0.88125 0.60390625 0.034375 0.0625
2 0.93046875 0.60625 0.0234375 0.03515625
2 0.9578125 0.59921875 0.078125 0.12421875