2 0.5796875 0.98359375 0.04375 0.0328125
2 0.590625 0.928125 0.071875 0.028125
2 0.62265625 0.88046875 0.09375 0.053125
2 0.78203125 0.83046875 0.434375 0.1125
2 0.56640625 0.81640625 0.03125 0.01875
2 0.76953125 0.79296875 0.365625 0.0609375
2 0.64140625 0.765625 0.0875 0.034375
2 0.58359375 0.76484375 0.0125 0.0125
2 0.5953125 0.74609375 0.0625 0.009375
2 0.6390625 0.73203125 0.084375 0.009375
2 0.59296875 0.696875 0.05 0.0125
2 0.7515625 0.34453125 0.49375 0.221875
2 0.77734375 0.403125 0.44375 0.08125
2 0.79140625 0.17265625 0.415625 0.34375
2 0.81796875 0.1609375 0.3625 0.309375
2 0.65703125 0.2328125 0.15 0.0625
2 0.60390625 0.11875 0.0625 0.034375
2 0.60625 0.06953125 0.034375 0.0234375
2 0.59921875 0.0421875 0.125 0.078125