2 0.265625 0.84453125 0.4828125 0.3109375
2 0.45078125 0.009375 0.1046875 0.01875
2 0.60078125 0.0078125 0.028125 0.0109375
2 0.58984375 0.025 0.021875 0.021875
2 0.6109375 0.04765625 0.021875 0.03125
2 0.246875 0.1359375 0.4921875 0.165625
2 0.58984375 0.09140625 0.028125 0.0125
2 0.5484375 0.10625 0.059375 0.0203125
2 0.48515625 0.109375 0.0328125 0.0234375
2 0.58984375 0.15703125 0.03125 0.0546875
2 0.36953125 0.2140625 0.084375 0.04375
2 0.4046875 0.27734375 0.0515625 0.053125
2 0.4609375 0.31484375 0.084375 0.0296875
2 0.4265625 0.371875 0.071875 0.059375
2 0.57578125 0.3609375 0.028125 0.0125
2 0.490625 0.4046875 0.078125 0.0265625
2 0.39921875 0.5125 0.2328125 0.18125
2 0.3515625 0.50546875 0.109375 0.0625
2 0.47734375 0.4953125 0.0375 0.0171875
2 0.49609375 0.5140625 0.06875 0.015625
2 0.51328125 0.55 0.0375 0.01875
2 0.54921875 0.55859375 0.028125 0.0125
2 0.50546875 0.5921875 0.05625 0.0171875
2 0.20234375 0.678125 0.403125 0.165625
2 0.50078125 0.6109375 0.0390625 0.015625
2 0.421875 0.621875 0.059375 0.01875
2 0.3828125 0.67421875 0.128125 0.0703125
2 0.51328125 0.66171875 0.0546875 0.0171875
2 0.48046875 0.678125 0.059375 0.0234375
2 0.52734375 0.67421875 0.028125 0.0125
2 0.5078125 0.6796875 0.028125 0.01875
2 0.40625 0.7171875 0.11875 0.046875
2 0.3203125 0.746875 0.24375 0.084375
2 0.284375 0.78046875 0.35625 0.0953125
2 0.51171875 0.7546875 0.0421875 0.01875
2 0.49375 0.8359375 0.03125 0.0171875