2 0.84453125 0.734375 0.3109375 0.4828125
2 0.009375 0.54921875 0.01796875 0.1046875
2 0.0078125 0.39921875 0.0109375 0.02890625
2 0.025 0.41015625 0.021875 0.02109375
2 0.04765625 0.3890625 0.03046875 0.02265625
2 0.1359375 0.753125 0.16484375 0.4921875
2 0.09140625 0.41015625 0.01328125 0.02734375
2 0.10625 0.4515625 0.0203125 0.05859375
2 0.109375 0.51484375 0.0234375 0.0328125
2 0.15703125 0.41015625 0.0546875 0.03046875
2 0.2140625 0.63046875 0.04375 0.08359375
2 0.27734375 0.5953125 0.053125 0.0515625
2 0.31484375 0.5390625 0.0296875 0.084375
2 0.371875 0.5734375 0.059375 0.07265625
2 0.3609375 0.42421875 0.01171875 0.02734375
2 0.4046875 0.509375 0.0265625 0.07734375
2 0.5125 0.60078125 0.18203125 0.2328125
2 0.50546875 0.6484375 0.06171875 0.11015625
2 0.4953125 0.52265625 0.0171875 0.0375
2 0.5140625 0.50390625 0.01640625 0.06953125
2 0.55 0.48671875 0.01796875 0.03828125
2 0.55859375 0.45078125 0.01171875 0.02734375
2 0.5921875 0.49453125 0.0171875 0.05703125
2 0.678125 0.79765625 0.16484375 0.40234375
2 0.6109375 0.49921875 0.01640625 0.0390625
2 0.621875 0.578125 0.01953125 0.06015625
2 0.67421875 0.6171875 0.0703125 0.12734375
2 0.66171875 0.48671875 0.0171875 0.0546875
2 0.678125 0.51953125 0.0234375 0.05859375
2 0.67421875 0.47265625 0.01328125 0.02734375
2 0.6796875 0.4921875 0.01953125 0.02734375
2 0.7171875 0.59375 0.04609375 0.11953125
2 0.746875 0.6796875 0.08515625 0.24296875
2 0.78046875 0.715625 0.0953125 0.35703125
2 0.7546875 0.48828125 0.01953125 0.0421875
2 0.8359375 0.50625 0.0171875 0.03046875