2 0.46796875 0.1140625 0.459375 0.103125
2 0.5484375 0.0203125 0.1625 0.040625
2 0.49453125 0.21640625 0.059375 0.0125
2 0.49765625 0.23515625 0.0546875 0.0203125
2 0.50546875 0.25 0.0671875 0.0125
2 0.49375 0.2671875 0.0765625 0.0234375
2 0.4953125 0.34921875 0.065625 0.021875
2 0.44453125 0.425 0.459375 0.140625
2 0.5046875 0.38359375 0.06875 0.021875
2 0.50078125 0.53984375 0.0765625 0.0171875
2 0.5046875 0.5546875 0.06875 0.0140625
2 0.5078125 0.5859375 0.0625 0.021875
2 0.51015625 0.60546875 0.065625 0.0234375
2 0.49765625 0.621875 0.0765625 0.021875
2 0.51796875 0.64765625 0.059375 0.0171875
2 0.5171875 0.66171875 0.04375 0.015625
2 0.5171875 0.6828125 0.04375 0.021875
2 0.51484375 0.78125 0.0640625 0.0203125
2 0.52109375 0.79609375 0.046875 0.0078125
2 0.51796875 0.8046875 0.059375 0.0171875