2 0.53203125 0.8859375 0.459375 0.103125
2 0.4515625 0.9796875 0.1625 0.040625
2 0.50546875 0.78359375 0.059375 0.0125
2 0.50234375 0.76484375 0.0546875 0.0203125
2 0.49453125 0.75 0.0671875 0.0125
2 0.50625 0.7328125 0.0765625 0.0234375
2 0.5046875 0.65078125 0.065625 0.021875
2 0.55546875 0.575 0.459375 0.140625
2 0.4953125 0.61640625 0.06875 0.021875
2 0.49921875 0.46015625 0.0765625 0.0171875
2 0.4953125 0.4453125 0.06875 0.0140625
2 0.4921875 0.4140625 0.0625 0.021875
2 0.48984375 0.39453125 0.065625 0.0234375
2 0.50234375 0.378125 0.0765625 0.021875
2 0.48203125 0.35234375 0.059375 0.0171875
2 0.4828125 0.33828125 0.04375 0.015625
2 0.4828125 0.3171875 0.04375 0.021875
2 0.48515625 0.21875 0.0640625 0.0203125
2 0.47890625 0.20390625 0.046875 0.0078125
2 0.48203125 0.1953125 0.059375 0.0171875