2 0.1140625 0.53203125 0.10234375 0.459375
2 0.0203125 0.4515625 0.040625 0.1625
2 0.21640625 0.50546875 0.0125 0.06015625
2 0.23515625 0.50234375 0.0203125 0.0546875
2 0.25 0.49453125 0.0125 0.0671875
2 0.2671875 0.50625 0.0234375 0.0765625
2 0.34921875 0.5046875 0.02109375 0.065625
2 0.425 0.55546875 0.13984375 0.459375
2 0.38359375 0.4953125 0.02265625 0.06953125
2 0.53984375 0.49921875 0.0171875 0.0765625
2 0.5546875 0.4953125 0.0140625 0.06953125
2 0.5859375 0.4921875 0.02109375 0.06171875
2 0.60546875 0.48984375 0.0234375 0.065625
2 0.621875 0.50234375 0.02109375 0.0765625
2 0.64765625 0.48203125 0.0171875 0.06015625
2 0.66171875 0.4828125 0.01640625 0.04375
2 0.6828125 0.4828125 0.02265625 0.04375
2 0.78125 0.48515625 0.0203125 0.0640625
2 0.79609375 0.47890625 0.0078125 0.04765625
2 0.8046875 0.48203125 0.0171875 0.06015625