2 0.55390625 0.92890625 0.103125 0.0625
2 0.78203125 0.8015625 0.434375 0.3
2 0.5640625 0.85546875 0.0765625 0.040625
2 0.54140625 0.8328125 0.03125 0.025
2 0.5609375 0.80625 0.1125 0.0765625
2 0.53359375 0.81328125 0.078125 0.0296875
2 0.5640625 0.7421875 0.1140625 0.059375
2 0.56640625 0.696875 0.09375 0.0375
2 0.55078125 0.6359375 0.128125 0.075
2 0.6859375 0.62734375 0.1109375 0.065625
2 0.8546875 0.59921875 0.228125 0.0734375
2 0.8109375 0.4640625 0.3765625 0.24375
2 0.52421875 0.55390625 0.0375 0.0359375
2 0.696875 0.5203125 0.2109375 0.065625
2 0.55625 0.37265625 0.8859375 0.334375
2 0.575 0.4953125 0.19375 0.0875
2 0.56171875 0.3578125 0.10625 0.059375
2 0.45390625 0.1640625 0.8 0.1453125
2 0.665625 0.08359375 0.10625 0.05625
2 0.86171875 0.065625 0.275 0.0921875