2 0.07109375 0.55390625 0.06171875 0.10234375
2 0.1984375 0.78203125 0.3 0.434375
2 0.14453125 0.5640625 0.03984375 0.0765625
2 0.1671875 0.54140625 0.025 0.03203125
2 0.19375 0.5609375 0.0765625 0.1125
2 0.18671875 0.53359375 0.0296875 0.07890625
2 0.2578125 0.5640625 0.05859375 0.1140625
2 0.303125 0.56640625 0.03828125 0.09296875
2 0.3640625 0.55078125 0.075 0.12734375
2 0.37265625 0.6859375 0.06640625 0.1109375
2 0.40078125 0.8546875 0.0734375 0.22890625
2 0.5359375 0.8109375 0.24296875 0.3765625
2 0.44609375 0.52421875 0.0359375 0.0375
2 0.4796875 0.696875 0.065625 0.2109375
2 0.62734375 0.55625 0.33515625 0.8859375
2 0.5046875 0.575 0.08828125 0.19296875
2 0.6421875 0.56171875 0.05859375 0.10625
2 0.8359375 0.45390625 0.1453125 0.79921875
2 0.91640625 0.665625 0.05625 0.10625
2 0.934375 0.86171875 0.0921875 0.27421875