2 0.44609375 0.07109375 0.103125 0.0625
2 0.21796875 0.1984375 0.434375 0.3
2 0.4359375 0.14453125 0.0765625 0.040625
2 0.45859375 0.1671875 0.03125 0.025
2 0.4390625 0.19375 0.1125 0.0765625
2 0.46640625 0.18671875 0.078125 0.0296875
2 0.4359375 0.2578125 0.1140625 0.059375
2 0.43359375 0.303125 0.09375 0.0375
2 0.44921875 0.3640625 0.128125 0.075
2 0.3140625 0.37265625 0.1109375 0.065625
2 0.1453125 0.40078125 0.228125 0.0734375
2 0.1890625 0.5359375 0.3765625 0.24375
2 0.47578125 0.44609375 0.0375 0.0359375
2 0.303125 0.4796875 0.2109375 0.065625
2 0.44375 0.62734375 0.8859375 0.3359375
2 0.425 0.5046875 0.19375 0.0875
2 0.43828125 0.6421875 0.10625 0.059375
2 0.54609375 0.8359375 0.8 0.1453125
2 0.334375 0.91640625 0.10625 0.05625
2 0.13828125 0.934375 0.275 0.0921875