2 0.63359375 0.159375 0.728125 0.28125
2 0.22890625 0.965625 0.1515625 0.0625
2 0.64375 0.7765625 0.659375 0.3296875
2 0.18203125 0.734375 0.0765625 0.0234375
2 0.19296875 0.7078125 0.065625 0.040625
2 0.10859375 0.66875 0.115625 0.0640625
2 0.2734375 0.64140625 0.20625 0.1171875
2 0.1109375 0.615625 0.134375 0.0578125
2 0.2921875 0.5765625 0.221875 0.096875
2 0.109375 0.5609375 0.125 0.0421875
2 0.15390625 0.48984375 0.20625 0.071875
2 0.2875 0.4078125 0.2140625 0.1234375
2 0.1015625 0.3875 0.1484375 0.08125
2 0.23828125 0.3640625 0.1703125 0.0671875
2 0.08828125 0.29453125 0.125 0.0546875
2 0.42421875 0.22734375 0.3921875 0.175
2 0.19453125 0.25390625 0.14375 0.0640625
2 0.13203125 0.240625 0.06875 0.021875
2 0.18125 0.19140625 0.1375 0.05625
2 0.28046875 0.13125 0.29375 0.0921875
2 0.19921875 0.0671875 0.3171875 0.13125