2 0.840625 0.63359375 0.28046875 0.72734375
2 0.034375 0.22890625 0.0625 0.1515625
2 0.2234375 0.64375 0.3296875 0.66015625
2 0.265625 0.18203125 0.0234375 0.0765625
2 0.2921875 0.19296875 0.03984375 0.065625
2 0.33125 0.10859375 0.06328125 0.11484375
2 0.35859375 0.2734375 0.1171875 0.20703125
2 0.384375 0.1109375 0.05703125 0.134375
2 0.4234375 0.2921875 0.09609375 0.221875
2 0.4390625 0.109375 0.0421875 0.12421875
2 0.51015625 0.15390625 0.071875 0.20546875
2 0.5921875 0.2875 0.1234375 0.2140625
2 0.6125 0.1015625 0.08203125 0.1484375
2 0.6359375 0.23828125 0.0671875 0.1703125
2 0.70546875 0.08828125 0.0546875 0.12578125
2 0.77265625 0.42421875 0.17421875 0.3921875
2 0.74609375 0.19453125 0.0640625 0.14375
2 0.759375 0.13203125 0.021875 0.06875
2 0.80859375 0.18125 0.05625 0.1375
2 0.86875 0.28046875 0.0921875 0.29296875
2 0.9328125 0.19921875 0.13046875 0.3171875