2 0.328125 0.82421875 0.1375 0.3515625
2 0.08984375 0.765625 0.03046875 0.121875
2 0.1734375 0.8390625 0.05 0.278125
2 0.2015625 0.86015625 0.03203125 0.278125
2 0.2390625 0.86171875 0.05859375 0.2671875
2 0.21796875 0.73203125 0.01328125 0.06953125
2 0.240625 0.7125 0.01328125 0.02578125
2 0.271875 0.775 0.034375 0.17578125
2 0.30625 0.73125 0.0203125 0.11640625
2 0.3859375 0.74765625 0.03984375 0.10546875
2 0.3828125 0.69140625 0.0171875 0.05078125
2 0.40625 0.696875 0.01484375 0.0484375
2 0.421875 0.665625 0.015625 0.0484375
2 0.4484375 0.67578125 0.01796875 0.0578125
2 0.453125 0.72109375 0.028125 0.08671875
2 0.4671875 0.69453125 0.0171875 0.04375
2 0.5171875 0.80703125 0.10390625 0.38359375
2 0.48046875 0.66796875 0.01328125 0.05859375
2 0.5734375 0.83515625 0.03203125 0.22421875
2 0.5828125 0.79296875 0.0359375 0.221875
2 0.625 0.83125 0.1 0.33515625
2 0.65546875 0.7265625 0.0265625 0.075
2 0.6671875 0.7328125 0.01875 0.10078125
2 0.7875 0.7703125 0.03828125 0.17578125
2 0.82265625 0.82734375 0.09765625 0.3421875
2 0.9421875 0.709375 0.021875 0.0328125