2 0.328125 0.82421875 0.1375 0.3515625
2 0.08984375 0.765625 0.03125 0.121875
2 0.1734375 0.8390625 0.05 0.278125
2 0.2015625 0.86015625 0.03125 0.278125
2 0.2390625 0.86171875 0.059375 0.2671875
2 0.21796875 0.73203125 0.0125 0.06875
2 0.240625 0.7125 0.0125 0.025
2 0.271875 0.775 0.034375 0.175
2 0.30625 0.73125 0.0203125 0.115625
2 0.3859375 0.74765625 0.040625 0.10625
2 0.3828125 0.69140625 0.0171875 0.05
2 0.40625 0.696875 0.015625 0.0484375
2 0.421875 0.665625 0.015625 0.0484375
2 0.4484375 0.67578125 0.01875 0.0578125
2 0.453125 0.72109375 0.028125 0.0875
2 0.4671875 0.69453125 0.0171875 0.04375
2 0.5171875 0.80703125 0.103125 0.384375
2 0.48046875 0.66796875 0.0125 0.059375
2 0.5734375 0.83515625 0.03125 0.225
2 0.5828125 0.79296875 0.0359375 0.221875
2 0.625 0.83125 0.1 0.334375
2 0.65546875 0.7265625 0.0265625 0.075
2 0.6671875 0.7328125 0.01875 0.1
2 0.7875 0.7703125 0.0375 0.175
2 0.82265625 0.82734375 0.096875 0.3421875
2 0.9421875 0.709375 0.021875 0.0328125