2 0.17578125 0.328125 0.3515625 0.1375
2 0.234375 0.08984375 0.121875 0.03125
2 0.1609375 0.1734375 0.278125 0.05
2 0.13984375 0.2015625 0.278125 0.03125
2 0.13828125 0.2390625 0.2671875 0.059375
2 0.26796875 0.21796875 0.06875 0.0125
2 0.2875 0.240625 0.025 0.0125
2 0.225 0.271875 0.175 0.034375
2 0.26875 0.30625 0.115625 0.0203125
2 0.25234375 0.3859375 0.10625 0.040625
2 0.30859375 0.3828125 0.05 0.0171875
2 0.303125 0.40625 0.0484375 0.015625
2 0.334375 0.421875 0.0484375 0.015625
2 0.32421875 0.4484375 0.0578125 0.01875
2 0.27890625 0.453125 0.0875 0.028125
2 0.30546875 0.4671875 0.04375 0.0171875
2 0.19296875 0.5171875 0.384375 0.103125
2 0.33203125 0.48046875 0.059375 0.0125
2 0.16484375 0.5734375 0.225 0.03125
2 0.20703125 0.5828125 0.221875 0.0359375
2 0.16875 0.625 0.334375 0.1
2 0.2734375 0.65546875 0.075 0.0265625
2 0.2671875 0.6671875 0.1 0.01875
2 0.2296875 0.7875 0.175 0.0375
2 0.17265625 0.82265625 0.3421875 0.0984375
2 0.290625 0.9421875 0.0328125 0.021875