1 0.24375 0.84453125 0.196875 0.30078125
1 0.10859375 0.3546875 0.0703125 0.05703125
1 0.19375 0.56953125 0.06875 0.0671875
1 0.27734375 0.33515625 0.015625 0.0640625
1 0.309375 0.30703125 0.03671875 0.03828125
1 0.36640625 0.33203125 0.0234375 0.0734375
1 0.41796875 0.528125 0.0921875 0.17109375
1 0.415625 0.3625 0.04140625 0.0421875
1 0.58984375 0.55 0.07421875 0.1
1 0.60078125 0.37265625 0.0296875 0.034375
1 0.91640625 0.35859375 0.02578125 0.03828125
2 0.09609375 0.6 0.16171875 0.3953125
2 0.128125 0.48125 0.11328125 0.21796875
2 0.1765625 0.3546875 0.0515625 0.11171875
2 0.284375 0.18359375 0.021875 0.11328125
2 0.38671875 0.4078125 0.0859375 0.1484375
2 0.51640625 0.54921875 0.1359375 0.27265625
2 0.484375 0.2296875 0.0171875 0.05546875
2 0.5796875 0.30078125 0.05 0.1171875
2 0.6625 0.3375 0.02421875 0.0765625
2 0.84921875 0.3265625 0.0421875 0.0765625
2 0.86875 0.41640625 0.071875 0.14296875
2 0.884375 0.25078125 0.02265625 0.1046875
2 0.94140625 0.44375 0.078125 0.065625
2 0.97578125 0.2390625 0.01953125 0.0625