1 0.15546875 0.24375 0.3 0.196875
1 0.6453125 0.10859375 0.05625 0.0703125
1 0.43046875 0.19375 0.0671875 0.06875
1 0.66484375 0.27734375 0.0640625 0.015625
1 0.69296875 0.309375 0.0375 0.0375
1 0.66796875 0.36640625 0.0734375 0.0234375
1 0.471875 0.41796875 0.171875 0.0921875
1 0.6375 0.415625 0.0421875 0.040625
1 0.45 0.58984375 0.1 0.075
1 0.62734375 0.60078125 0.034375 0.0296875
1 0.64140625 0.91640625 0.0375 0.025
2 0.4 0.09609375 0.3953125 0.1625
2 0.51875 0.128125 0.21875 0.1125
2 0.6453125 0.1765625 0.1125 0.0515625
2 0.81640625 0.284375 0.1125 0.021875
2 0.5921875 0.38671875 0.1484375 0.0859375
2 0.45078125 0.51640625 0.271875 0.1359375
2 0.7703125 0.484375 0.05625 0.0171875
2 0.69921875 0.5796875 0.1171875 0.05
2 0.6625 0.6625 0.0765625 0.025
2 0.6734375 0.84921875 0.0765625 0.0421875
2 0.58359375 0.86875 0.14375 0.071875
2 0.74921875 0.884375 0.1046875 0.021875
2 0.55625 0.94140625 0.065625 0.078125
2 0.7609375 0.97578125 0.0625 0.01875