0 0.4203125 0.9375 0.08125 0.103125
0 0.91015625 0.884375 0.1125 0.1265625
0 0.6015625 0.80390625 0.146875 0.0546875
0 0.41484375 0.8078125 0.0765625 0.0375
0 0.48203125 0.7796875 0.0734375 0.0203125
0 0.41875 0.6375 0.0375 0.04375
0 0.58515625 0.6421875 0.065625 0.0265625
0 0.428125 0.5875 0.0875 0.046875
0 0.50234375 0.5828125 0.046875 0.0546875
0 0.70859375 0.5265625 0.1875 0.05625
0 0.559375 0.53515625 0.0328125 0.01875
0 0.8 0.2734375 0.11875 0.134375
0 0.86875 0.271875 0.1125 0.1328125
0 0.42578125 0.14765625 0.0765625 0.103125