0 0.0625 0.4203125 0.103125 0.08125
0 0.115625 0.91015625 0.1265625 0.1125
0 0.19609375 0.6015625 0.0546875 0.146875
0 0.1921875 0.41484375 0.0375 0.0765625
0 0.2203125 0.48203125 0.0203125 0.0734375
0 0.3625 0.41875 0.04375 0.0375
0 0.3578125 0.58515625 0.0265625 0.065625
0 0.4125 0.428125 0.046875 0.0875
0 0.4171875 0.50234375 0.0546875 0.046875
0 0.4734375 0.70859375 0.05625 0.1875
0 0.46484375 0.559375 0.01875 0.0328125
0 0.7265625 0.8 0.134375 0.11875
0 0.728125 0.86875 0.1328125 0.1125
0 0.85234375 0.42578125 0.103125 0.0765625