1 0.27109375 0.67578125 0.1453125 0.171875
1 0.6515625 0.84453125 0.13125 0.178125
1 0.78671875 0.64453125 0.0546875 0.096875
1 0.9734375 0.821875 0.0515625 0.134375
2 0.06328125 0.575 0.103125 0.3625
2 0.1796875 0.515625 0.0765625 0.321875
2 0.32421875 0.540625 0.084375 0.33125
2 0.5109375 0.4015625 0.06875 0.090625
2 0.70234375 0.45859375 0.090625 0.16875
2 0.75234375 0.51796875 0.071875 0.296875
2 0.8453125 0.578125 0.1484375 0.365625
2 0.81953125 0.49296875 0.084375 0.234375
2 0.91875 0.52578125 0.0890625 0.3