1 0.32421875 0.27109375 0.171875 0.1453125
1 0.15546875 0.6515625 0.178125 0.13125
1 0.35546875 0.78671875 0.096875 0.0546875
1 0.178125 0.9734375 0.134375 0.0515625
2 0.425 0.06328125 0.3625 0.103125
2 0.484375 0.1796875 0.321875 0.0765625
2 0.459375 0.32421875 0.33125 0.084375
2 0.5984375 0.5109375 0.090625 0.06875
2 0.54140625 0.70234375 0.16875 0.090625
2 0.48203125 0.75234375 0.296875 0.071875
2 0.421875 0.8453125 0.365625 0.1484375
2 0.50703125 0.81953125 0.234375 0.084375
2 0.47421875 0.91875 0.3 0.0890625