1 0.67578125 0.72890625 0.171875 0.1453125
1 0.84453125 0.3484375 0.178125 0.13125
1 0.64453125 0.21328125 0.096875 0.0546875
1 0.821875 0.0265625 0.134375 0.0515625
2 0.575 0.93671875 0.3625 0.1046875
2 0.515625 0.8203125 0.321875 0.0765625
2 0.540625 0.67578125 0.33125 0.084375
2 0.4015625 0.4890625 0.090625 0.06875
2 0.45859375 0.29765625 0.16875 0.090625
2 0.51796875 0.24765625 0.296875 0.071875
2 0.578125 0.1546875 0.365625 0.1484375
2 0.49296875 0.18046875 0.234375 0.084375
2 0.52578125 0.08125 0.3 0.0890625