1 0.27109375 0.67578125 0.1453125 0.17265625
1 0.6515625 0.84453125 0.13046875 0.17890625
1 0.78671875 0.64453125 0.0546875 0.09609375
1 0.9734375 0.821875 0.0515625 0.134375
2 0.06328125 0.575 0.10390625 0.36328125
2 0.1796875 0.515625 0.0765625 0.321875
2 0.32421875 0.540625 0.08359375 0.33046875
2 0.5109375 0.4015625 0.06875 0.08984375
2 0.70234375 0.45859375 0.08984375 0.16953125
2 0.75234375 0.51796875 0.07109375 0.29765625
2 0.8453125 0.578125 0.1484375 0.36484375
2 0.81953125 0.49296875 0.08359375 0.234375
2 0.91875 0.52578125 0.0890625 0.29921875