2 0.2359375 0.6640625 0.33125 0.646875
2 0.0171875 0.38125 0.034375 0.2859375
2 0.01875 0.1234375 0.0375 0.240625
2 0.01953125 0.58046875 0.0390625 0.1421875
2 0.0890625 0.24375 0.1234375 0.2546875
2 0.1375 0.4171875 0.1875 0.3640625
2 0.30625 0.2484375 0.16875 0.240625
2 0.365625 0.403125 0.159375 0.3359375
2 0.48125 0.67265625 0.284375 0.571875
2 0.690625 0.2890625 0.615625 0.578125
2 0.54921875 0.42109375 0.1640625 0.26875
2 0.646875 0.40859375 0.14375 0.275
2 0.9015625 0.59140625 0.196875 0.3359375