2 0.2359375 0.6640625 0.33046875 0.64609375
2 0.0171875 0.38125 0.034375 0.2859375
2 0.01875 0.1234375 0.03671875 0.24140625
2 0.01953125 0.58046875 0.0390625 0.1421875
2 0.0890625 0.24375 0.1234375 0.2546875
2 0.1375 0.4171875 0.18671875 0.3640625
2 0.30625 0.2484375 0.16796875 0.24140625
2 0.365625 0.403125 0.16015625 0.3359375
2 0.48125 0.67265625 0.284375 0.571875
2 0.690625 0.2890625 0.615625 0.578125
2 0.54921875 0.42109375 0.1640625 0.26875
2 0.646875 0.40859375 0.14453125 0.27421875
2 0.9015625 0.59140625 0.19609375 0.3359375