2 0.6640625 0.7640625 0.646875 0.33125
2 0.38125 0.9828125 0.2859375 0.034375
2 0.1234375 0.98125 0.240625 0.0375
2 0.58046875 0.98046875 0.1421875 0.0390625
2 0.24375 0.9109375 0.2546875 0.1234375
2 0.4171875 0.8625 0.3640625 0.1875
2 0.2484375 0.69375 0.240625 0.16875
2 0.403125 0.634375 0.3359375 0.159375
2 0.67265625 0.51875 0.571875 0.284375
2 0.2890625 0.309375 0.578125 0.615625
2 0.42109375 0.45078125 0.26875 0.1640625
2 0.40859375 0.353125 0.275 0.14375
2 0.59140625 0.0984375 0.3359375 0.196875