2 0.56015625 0.7953125 0.228125 0.04375
2 0.53984375 0.775 0.2 0.028125
2 0.553125 0.7546875 0.215625 0.05
2 0.484375 0.70078125 0.090625 0.0609375
2 0.45625 0.6625 0.034375 0.01875
2 0.56171875 0.60859375 0.23125 0.0234375
2 0.478125 0.46640625 0.065625 0.0359375
2 0.46328125 0.4546875 0.03125 0.015625
2 0.484375 0.4390625 0.071875 0.0375
2 0.48671875 0.40078125 0.06875 0.0265625
2 0.46640625 0.3859375 0.028125 0.028125
2 0.47734375 0.3453125 0.053125 0.034375
2 0.48046875 0.30546875 0.059375 0.0140625
2 0.61640625 0.1578125 0.4 0.11875
2 0.58203125 0.14453125 0.26875 0.0453125
2 0.60078125 0.0328125 0.38125 0.0625