2 0.2046875 0.56015625 0.04375 0.22890625
2 0.225 0.53984375 0.028125 0.2
2 0.2453125 0.553125 0.05 0.21484375
2 0.29921875 0.484375 0.0609375 0.08984375
2 0.3375 0.45625 0.01875 0.03359375
2 0.39140625 0.56171875 0.0234375 0.23125
2 0.53359375 0.478125 0.0359375 0.06484375
2 0.5453125 0.46328125 0.015625 0.03125
2 0.5609375 0.484375 0.0375 0.07265625
2 0.59921875 0.48671875 0.0265625 0.06875
2 0.6140625 0.46640625 0.028125 0.02890625
2 0.6546875 0.47734375 0.034375 0.05390625
2 0.69453125 0.48046875 0.0140625 0.06015625
2 0.8421875 0.61640625 0.11875 0.4
2 0.85546875 0.58203125 0.0453125 0.26875
2 0.9671875 0.60078125 0.0625 0.38125