2 0.2578125 0.98828125 0.084375 0.0234375
2 0.14140625 0.98125 0.0421875 0.0375
2 0.53828125 0.96015625 0.13125 0.0796875
2 0.5703125 0.7265625 0.859375 0.546875
2 0.3640625 0.97109375 0.1859375 0.0515625
2 0.28515625 0.95 0.08125 0.05
2 0.39921875 0.93359375 0.175 0.0640625
2 0.41328125 0.878125 0.1875 0.0765625
2 0.36171875 0.86953125 0.19375 0.0453125
2 0.2609375 0.8625 0.10625 0.0421875
2 0.34609375 0.85234375 0.15625 0.0453125
2 0.36328125 0.58515625 0.209375 0.1640625
2 0.078125 0.6171875 0.0375 0.0359375
2 0.23046875 0.5828125 0.059375 0.03125
2 0.253125 0.58515625 0.03125 0.015625
2 0.07578125 0.54609375 0.028125 0.0328125
2 0.26328125 0.49140625 0.146875 0.1421875
2 0.07734375 0.5140625 0.0328125 0.0265625
2 0.33203125 0.465625 0.084375 0.0328125
2 0.35703125 0.44140625 0.115625 0.0546875
2 0.28984375 0.34296875 0.2125 0.159375
2 0.34609375 0.39609375 0.05625 0.046875
2 0.3921875 0.3953125 0.0890625 0.0484375
2 0.040625 0.39609375 0.0484375 0.04375
2 0.4046875 0.3265625 0.175 0.0546875
2 0.0265625 0.30234375 0.040625 0.0328125
2 0.4296875 0.26328125 0.15 0.075
2 0.26484375 0.23828125 0.140625 0.0765625
2 0.40703125 0.240625 0.215625 0.0625
2 0.5234375 0.14609375 0.35 0.10625
2 0.26328125 0.09375 0.121875 0.1859375
2 0.58359375 0.09609375 0.2234375 0.115625
2 0.3796875 0.0390625 0.0859375 0.0421875
2 0.334375 0.02421875 0.0703125 0.0390625
2 0.59921875 0.01015625 0.0875 0.01875