2 0.01171875 0.2578125 0.0234375 0.084375
2 0.01875 0.14140625 0.0375 0.0421875
2 0.03984375 0.53828125 0.0796875 0.13203125
2 0.2734375 0.5703125 0.546875 0.85859375
2 0.02890625 0.3640625 0.05078125 0.1859375
2 0.05 0.28515625 0.04921875 0.08203125
2 0.06640625 0.39921875 0.0640625 0.17421875
2 0.121875 0.41328125 0.0765625 0.18828125
2 0.13046875 0.36171875 0.0453125 0.19453125
2 0.1375 0.2609375 0.0421875 0.10703125
2 0.14765625 0.34609375 0.0453125 0.15703125
2 0.41484375 0.36328125 0.1640625 0.21015625
2 0.3828125 0.078125 0.0359375 0.0375
2 0.4171875 0.23046875 0.03046875 0.05859375
2 0.41484375 0.253125 0.01640625 0.03203125
2 0.45390625 0.07578125 0.0328125 0.02890625
2 0.50859375 0.26328125 0.1421875 0.14765625
2 0.4859375 0.07734375 0.0265625 0.0328125
2 0.534375 0.33203125 0.0328125 0.08515625
2 0.55859375 0.35703125 0.0546875 0.115625
2 0.65703125 0.28984375 0.16015625 0.2125
2 0.60390625 0.34609375 0.046875 0.05703125
2 0.6046875 0.3921875 0.0484375 0.0890625
2 0.60390625 0.040625 0.04453125 0.0484375
2 0.6734375 0.4046875 0.0546875 0.17421875
2 0.69765625 0.0265625 0.0328125 0.040625
2 0.73671875 0.4296875 0.075 0.14921875
2 0.76171875 0.26484375 0.0765625 0.140625
2 0.759375 0.40703125 0.06328125 0.215625
2 0.85390625 0.5234375 0.10546875 0.34921875
2 0.90625 0.26328125 0.1859375 0.12265625
2 0.90390625 0.58359375 0.11640625 0.2234375
2 0.9609375 0.3796875 0.0421875 0.0859375
2 0.97578125 0.334375 0.0390625 0.0703125
2 0.98984375 0.59921875 0.01953125 0.0875