2 0.01796875 0.5640625 0.0359375 0.1125
2 0.08359375 0.64296875 0.1625 0.240625
2 0.13359375 0.5109375 0.0421875 0.159375
2 0.20234375 0.63671875 0.125 0.240625
2 0.17421875 0.49609375 0.034375 0.059375
2 0.1921875 0.465625 0.025 0.0703125
2 0.21484375 0.46015625 0.0171875 0.053125
2 0.2359375 0.48984375 0.0234375 0.0484375
2 0.3296875 0.7921875 0.209375 0.4140625
2 0.2734375 0.50546875 0.0359375 0.075
2 0.346875 0.4859375 0.01875 0.0296875
2 0.36640625 0.5140625 0.0453125 0.065625
2 0.35703125 0.47421875 0.0171875 0.0171875
2 0.37109375 0.45703125 0.0203125 0.04375
2 0.38828125 0.49140625 0.0453125 0.09375
2 0.41796875 0.62265625 0.1 0.1828125
2 0.43125 0.46796875 0.0234375 0.05
2 0.47421875 0.4828125 0.046875 0.084375
2 0.49921875 0.51953125 0.0453125 0.075
2 0.51640625 0.55625 0.05625 0.1328125
2 0.52578125 0.478125 0.0390625 0.065625
2 0.5390625 0.46640625 0.0265625 0.05625
2 0.55703125 0.528125 0.040625 0.078125
2 0.58125 0.54765625 0.053125 0.1359375
2 0.5921875 0.4828125 0.0296875 0.0703125
2 0.60390625 0.48359375 0.0171875 0.040625
2 0.68359375 0.63359375 0.1578125 0.165625
2 0.61796875 0.484375 0.01875 0.0375
2 0.61953125 0.4578125 0.0140625 0.0125
2 0.63125 0.48515625 0.0171875 0.0375
2 0.6453125 0.4859375 0.025 0.040625
2 0.65234375 0.4546875 0.0234375 0.0375
2 0.6578125 0.48125 0.009375 0.025
2 0.6875 0.478125 0.065625 0.1125
2 0.7046875 0.446875 0.009375 0.0140625
2 0.825 0.6921875 0.228125 0.24375
2 0.734375 0.46328125 0.034375 0.059375
2 0.78125 0.65078125 0.090625 0.175
2 0.909375 0.5890625 0.075 0.0953125
2 0.98046875 0.553125 0.0375 0.11875