2 0.5640625 0.98203125 0.1125 0.0359375
2 0.64296875 0.91640625 0.240625 0.1625
2 0.5109375 0.86640625 0.159375 0.0421875
2 0.63671875 0.79765625 0.240625 0.125
2 0.49609375 0.82578125 0.059375 0.034375
2 0.465625 0.8078125 0.0703125 0.025
2 0.46015625 0.78515625 0.053125 0.0171875
2 0.48984375 0.7640625 0.0484375 0.0234375
2 0.7921875 0.6703125 0.4140625 0.209375
2 0.50546875 0.7265625 0.075 0.0359375
2 0.4859375 0.653125 0.0296875 0.01875
2 0.5140625 0.63359375 0.065625 0.0453125
2 0.47421875 0.64296875 0.0171875 0.0171875
2 0.45703125 0.62890625 0.04375 0.0203125
2 0.49140625 0.61171875 0.09375 0.0453125
2 0.62265625 0.58203125 0.1828125 0.1
2 0.46796875 0.56875 0.05 0.0234375
2 0.4828125 0.52578125 0.084375 0.046875
2 0.51953125 0.50078125 0.075 0.0453125
2 0.55625 0.48359375 0.1328125 0.05625
2 0.478125 0.47421875 0.065625 0.0390625
2 0.46640625 0.4609375 0.05625 0.0265625
2 0.528125 0.44296875 0.078125 0.040625
2 0.54765625 0.41875 0.1359375 0.053125
2 0.4828125 0.4078125 0.0703125 0.0296875
2 0.48359375 0.39609375 0.040625 0.0171875
2 0.63359375 0.31640625 0.165625 0.1578125
2 0.484375 0.38203125 0.0375 0.01875
2 0.4578125 0.38046875 0.0125 0.0140625
2 0.48515625 0.36875 0.0375 0.0171875
2 0.4859375 0.3546875 0.040625 0.025
2 0.4546875 0.34765625 0.0375 0.0234375
2 0.48125 0.3421875 0.025 0.009375
2 0.478125 0.3125 0.1125 0.065625
2 0.446875 0.2953125 0.0140625 0.009375
2 0.6921875 0.175 0.24375 0.228125
2 0.46328125 0.265625 0.059375 0.034375
2 0.65078125 0.21875 0.175 0.090625
2 0.5890625 0.090625 0.0953125 0.075
2 0.553125 0.01953125 0.11875 0.0375