2 0.0546875 0.259375 0.09375 0.2015625
2 0.1640625 0.26015625 0.09921875 0.20703125
2 0.4828125 0.68046875 0.6359375 0.6375
2 0.25 0.253125 0.0921875 0.17578125
2 0.35859375 0.40625 0.26640625 0.42109375
2 0.253125 0.2 0.034375 0.103125
2 0.3109375 0.296875 0.134375 0.2421875
2 0.4453125 0.253125 0.1578125 0.165625
2 0.4328125 0.2 0.04375 0.103125
2 0.54765625 0.3203125 0.1140625 0.2484375
2 0.6609375 0.4234375 0.2140625 0.45078125
2 0.73203125 0.2453125 0.0640625 0.1328125
2 0.9640625 0.2328125 0.07109375 0.10703125