2 0.1515625 0.0453125 0.3015625 0.090625
2 0.3296875 0.03359375 0.109375 0.0546875
2 0.44140625 0.0140625 0.0375 0.0125
2 0.43984375 0.02265625 0.05 0.01875
2 0.375 0.046875 0.0640625 0.03125
2 0.28515625 0.0859375 0.1578125 0.1015625
2 0.3953125 0.065625 0.0609375 0.03125
2 0.40078125 0.08828125 0.0421875 0.03125
2 0.37109375 0.0875 0.03125 0.025
2 0.3734375 0.1046875 0.059375 0.0453125
2 0.33359375 0.1328125 0.121875 0.090625
2 0.40703125 0.1015625 0.0328125 0.0125
2 0.15078125 0.2171875 0.3 0.2296875
2 0.43984375 0.140625 0.05 0.025
2 0.4 0.16796875 0.05 0.0234375
2 0.36796875 0.2015625 0.0734375 0.04375
2 0.41796875 0.18984375 0.0375 0.015625
2 0.39609375 0.19375 0.05 0.021875
2 0.32421875 0.23359375 0.115625 0.08125
2 0.39296875 0.2265625 0.0328125 0.025
2 0.36484375 0.275 0.06875 0.0375
2 0.2671875 0.3171875 0.215625 0.1203125
2 0.46328125 0.2953125 0.021875 0.0140625
2 0.3890625 0.315625 0.0375 0.0234375
2 0.371875 0.33984375 0.071875 0.053125
2 0.159375 0.4453125 0.3171875 0.2046875
2 0.3921875 0.36640625 0.046875 0.04375
2 0.45234375 0.3984375 0.025 0.015625
2 0.33203125 0.46484375 0.11875 0.05625
2 0.45 0.4546875 0.0234375 0.015625
2 0.3734375 0.4703125 0.0828125 0.0359375
2 0.44765625 0.48515625 0.028125 0.01875
2 0.390625 0.496875 0.053125 0.025
2 0.3359375 0.5171875 0.11875 0.053125
2 0.4484375 0.51171875 0.021875 0.0171875
2 0.28828125 0.55234375 0.140625 0.090625
2 0.3984375 0.534375 0.046875 0.025
2 0.38359375 0.540625 0.053125 0.0296875
2 0.378125 0.5609375 0.046875 0.04375
2 0.3953125 0.7765625 0.11875 0.4453125
2 0.3359375 0.61328125 0.115625 0.0625
2 0.275 0.6703125 0.1453125 0.0890625
2 0.34921875 0.7109375 0.0734375 0.0328125
2 0.47265625 0.71875 0.078125 0.025
2 0.15078125 0.82421875 0.3 0.153125
2 0.346875 0.7984375 0.09375 0.0609375
2 0.26015625 0.84609375 0.1578125 0.121875
2 0.35625 0.82578125 0.0828125 0.0453125
2 0.3359375 0.865625 0.071875 0.059375