2 0.0453125 0.8484375 0.090625 0.3015625
2 0.03359375 0.6703125 0.0546875 0.109375
2 0.0140625 0.55859375 0.0125 0.0375
2 0.02265625 0.56015625 0.01875 0.05
2 0.046875 0.625 0.03125 0.0640625
2 0.0859375 0.71484375 0.1015625 0.1578125
2 0.065625 0.6046875 0.03125 0.0609375
2 0.08828125 0.59921875 0.03125 0.0421875
2 0.0875 0.62890625 0.025 0.03125
2 0.1046875 0.6265625 0.0453125 0.059375
2 0.1328125 0.66640625 0.090625 0.121875
2 0.1015625 0.59296875 0.0125 0.0328125
2 0.2171875 0.84921875 0.2296875 0.3
2 0.140625 0.56015625 0.025 0.05
2 0.16796875 0.6 0.0234375 0.05
2 0.2015625 0.63203125 0.04375 0.0734375
2 0.18984375 0.58203125 0.015625 0.0375
2 0.19375 0.60390625 0.021875 0.05
2 0.23359375 0.67578125 0.08125 0.115625
2 0.2265625 0.60703125 0.025 0.0328125
2 0.275 0.63515625 0.0375 0.06875
2 0.3171875 0.7328125 0.1203125 0.215625
2 0.2953125 0.53671875 0.0140625 0.021875
2 0.315625 0.6109375 0.0234375 0.0375
2 0.33984375 0.628125 0.053125 0.071875
2 0.4453125 0.840625 0.2046875 0.3171875
2 0.36640625 0.6078125 0.04375 0.046875
2 0.3984375 0.54765625 0.015625 0.025
2 0.46484375 0.66796875 0.05625 0.11875
2 0.4546875 0.55 0.015625 0.0234375
2 0.4703125 0.6265625 0.0359375 0.0828125
2 0.48515625 0.55234375 0.01875 0.028125
2 0.496875 0.609375 0.025 0.053125
2 0.5171875 0.6640625 0.053125 0.11875
2 0.51171875 0.5515625 0.0171875 0.021875
2 0.55234375 0.71171875 0.090625 0.140625
2 0.534375 0.6015625 0.025 0.046875
2 0.540625 0.61640625 0.0296875 0.053125
2 0.5609375 0.621875 0.04375 0.046875
2 0.7765625 0.6046875 0.4453125 0.11875
2 0.61328125 0.6640625 0.0625 0.115625
2 0.6703125 0.725 0.0890625 0.1453125
2 0.7109375 0.65078125 0.0328125 0.0734375
2 0.71875 0.52734375 0.025 0.078125
2 0.82421875 0.84921875 0.153125 0.3
2 0.7984375 0.653125 0.0609375 0.09375
2 0.84609375 0.73984375 0.121875 0.1578125
2 0.82578125 0.64375 0.0453125 0.0828125
2 0.865625 0.6640625 0.059375 0.071875