2 0.30234375 0.8140625 0.2671875 0.371875
2 0.0203125 0.38828125 0.040625 0.1640625
2 0.04296875 0.55078125 0.08125 0.203125
2 0.05390625 0.47265625 0.0484375 0.153125
2 0.103125 0.39140625 0.08828125 0.21171875
2 0.11640625 0.4765625 0.07890625 0.17109375
2 0.18828125 0.49453125 0.0796875 0.2
2 0.3046875 0.41953125 0.08125 0.14296875
2 0.3484375 0.38046875 0.0640625 0.140625
2 0.38359375 0.36953125 0.0421875 0.11484375
2 0.421875 0.3828125 0.0359375 0.17109375
2 0.46484375 0.43046875 0.0859375 0.24765625
2 0.528125 0.48203125 0.07265625 0.35078125
2 0.73046875 0.4546875 0.17421875 0.17578125
2 0.8859375 0.45234375 0.05703125 0.12265625
2 0.93828125 0.61015625 0.12265625 0.190625