2 0.8140625 0.69765625 0.371875 0.2671875
2 0.38828125 0.9796875 0.1640625 0.040625
2 0.55078125 0.95703125 0.203125 0.08125
2 0.47265625 0.94609375 0.153125 0.0484375
2 0.39140625 0.896875 0.2125 0.0890625
2 0.4765625 0.88359375 0.171875 0.0796875
2 0.49453125 0.81171875 0.2 0.0796875
2 0.41953125 0.6953125 0.14375 0.08125
2 0.38046875 0.6515625 0.140625 0.0640625
2 0.36953125 0.61640625 0.115625 0.0421875
2 0.3828125 0.578125 0.171875 0.0359375
2 0.43046875 0.53515625 0.246875 0.0859375
2 0.48203125 0.471875 0.35 0.071875
2 0.4546875 0.26953125 0.175 0.175
2 0.45234375 0.1140625 0.121875 0.05625
2 0.61015625 0.06171875 0.190625 0.121875