2 0.41640625 0.1828125 0.12890625 0.190625
2 0.134375 0.43984375 0.153125 0.3390625
2 0.17421875 0.446875 0.1484375 0.4078125
2 0.2375 0.403125 0.1546875 0.371875
2 0.35234375 0.44609375 0.165625 0.3828125
2 0.3875 0.42421875 0.16953125 0.3359375
2 0.39375 0.2453125 0.0828125 0.08046875
2 0.4890625 0.55390625 0.18359375 0.3765625
2 0.5109375 0.36796875 0.0890625 0.24921875
2 0.6140625 0.44921875 0.20390625 0.365625
2 0.60625 0.56171875 0.12578125 0.3703125
2 0.7984375 0.278125 0.1265625 0.1671875
2 0.8265625 0.48203125 0.1421875 0.35703125