2 0.1828125 0.58359375 0.190625 0.1296875
2 0.43984375 0.865625 0.3390625 0.153125
2 0.446875 0.82578125 0.4078125 0.1484375
2 0.403125 0.7625 0.371875 0.1546875
2 0.44609375 0.64765625 0.3828125 0.165625
2 0.42421875 0.6125 0.3359375 0.16875
2 0.2453125 0.60625 0.08125 0.0828125
2 0.55390625 0.5109375 0.3765625 0.184375
2 0.36796875 0.4890625 0.25 0.0890625
2 0.44921875 0.3859375 0.365625 0.203125
2 0.56171875 0.39375 0.3703125 0.125
2 0.278125 0.2015625 0.1671875 0.1265625
2 0.48203125 0.1734375 0.35625 0.1421875