2 0.8171875 0.41640625 0.190625 0.128125
2 0.56015625 0.134375 0.3390625 0.153125
2 0.553125 0.17421875 0.4078125 0.1484375
2 0.596875 0.2375 0.371875 0.1546875
2 0.55390625 0.35234375 0.3828125 0.165625
2 0.57578125 0.3875 0.3359375 0.16875
2 0.7546875 0.39375 0.08125 0.0828125
2 0.44609375 0.4890625 0.3765625 0.184375
2 0.63203125 0.5109375 0.25 0.0890625
2 0.55078125 0.6140625 0.365625 0.203125
2 0.43828125 0.60625 0.3703125 0.125
2 0.721875 0.7984375 0.1671875 0.1265625
2 0.51796875 0.8265625 0.35625 0.1421875