2 0.89921875 0.38359375 0.11484375 0.48671875
2 0.08125 0.496875 0.1234375 0.31484375
2 0.1078125 0.31796875 0.12109375 0.271875
2 0.1890625 0.49765625 0.1171875 0.303125
2 0.15390625 0.32109375 0.0453125 0.22265625
2 0.221875 0.30625 0.0875 0.27578125
2 0.3109375 0.49453125 0.1390625 0.30703125
2 0.44453125 0.4984375 0.1359375 0.28046875
2 0.51953125 0.24609375 0.0375 0.10703125
2 0.5953125 0.4828125 0.1625 0.32578125
2 0.63671875 0.34765625 0.09296875 0.27890625
2 0.6578125 0.26171875 0.0453125 0.11328125
2 0.7265625 0.50625 0.1140625 0.25390625
2 0.71484375 0.32890625 0.0796875 0.22734375
2 0.81171875 0.4953125 0.11875 0.2765625
2 0.9765625 0.43203125 0.0453125 0.34765625