2 0.38359375 0.10078125 0.4875 0.115625
2 0.496875 0.91875 0.315625 0.1234375
2 0.31796875 0.8921875 0.271875 0.121875
2 0.49765625 0.8109375 0.303125 0.1171875
2 0.32109375 0.84609375 0.221875 0.0453125
2 0.30625 0.778125 0.275 0.0875
2 0.49453125 0.6890625 0.30625 0.1390625
2 0.4984375 0.55546875 0.28125 0.1359375
2 0.24609375 0.48046875 0.10625 0.0375
2 0.4828125 0.4046875 0.325 0.1625
2 0.34765625 0.36328125 0.278125 0.09375
2 0.26171875 0.3421875 0.1125 0.0453125
2 0.50625 0.2734375 0.253125 0.1140625
2 0.32890625 0.28515625 0.228125 0.0796875
2 0.4953125 0.18828125 0.2765625 0.11875
2 0.43203125 0.0234375 0.346875 0.0453125