2 0.26015625 0.5109375 0.228125 0.3875
2 0.02265625 0.32421875 0.0453125 0.13046875
2 0.04375 0.58046875 0.065625 0.203125
2 0.08046875 0.52265625 0.0421875 0.08671875
2 0.1046875 0.3140625 0.0546875 0.1484375
2 0.1140625 0.215625 0.05390625 0.08359375
2 0.1359375 0.546875 0.04765625 0.05859375
2 0.17890625 0.284375 0.0734375 0.16015625
2 0.18046875 0.52421875 0.06328125 0.10703125
2 0.321875 0.09296875 0.05703125 0.1390625
2 0.34375 0.65390625 0.0625 0.0953125
2 0.40078125 0.5171875 0.0609375 0.0828125
2 0.409375 0.2875 0.065625 0.14296875
2 0.40625 0.2265625 0.0546875 0.0859375
2 0.4296875 0.64921875 0.06328125 0.10859375
2 0.4234375 0.0546875 0.03515625 0.07734375
2 0.45234375 0.06015625 0.0515625 0.0734375
2 0.46796875 0.17734375 0.06171875 0.10078125
2 0.48984375 0.6578125 0.06171875 0.08828125
2 0.5046875 0.46015625 0.0609375 0.12109375
2 0.52734375 0.39140625 0.0671875 0.11328125
2 0.6078125 0.5984375 0.18671875 0.26796875
2 0.5484375 0.4703125 0.065625 0.11484375
2 0.55390625 0.1828125 0.06171875 0.0984375
2 0.56484375 0.66953125 0.06171875 0.07734375
2 0.60625 0.20390625 0.053125 0.0921875
2 0.6265625 0.23984375 0.0671875 0.11640625
2 0.6359375 0.484375 0.05390625 0.09609375
2 0.703125 0.31640625 0.0671875 0.14296875
2 0.75859375 0.55546875 0.1515625 0.346875
2 0.71875 0.21484375 0.053125 0.07734375
2 0.765625 0.2203125 0.05546875 0.11484375
2 0.76953125 0.67109375 0.0640625 0.07421875
2 0.809375 0.32109375 0.1125 0.16484375
2 0.89375 0.1796875 0.046875 0.0828125
2 0.903125 0.6625 0.0546875 0.0953125
2 0.940625 0.1828125 0.0671875 0.0828125
2 0.953125 0.5984375 0.053125 0.22890625