2 0.90390625 0.5484375 0.16875 0.5203125
2 0.096875 0.63203125 0.14375 0.515625
2 0.1453125 0.25625 0.0484375 0.1
2 0.309375 0.67421875 0.290625 0.65
2 0.3359375 0.73671875 0.29375 0.525
2 0.240625 0.2078125 0.053125 0.128125
2 0.33125 0.5203125 0.090625 0.271875
2 0.4890625 0.5265625 0.103125 0.2734375
2 0.575 0.7140625 0.234375 0.5703125
2 0.48515625 0.2546875 0.04375 0.2515625
2 0.61171875 0.4484375 0.1125 0.340625
2 0.6703125 0.19609375 0.065625 0.184375
2 0.7125 0.33125 0.08125 0.1625
2 0.728125 0.71875 0.1140625 0.5609375
2 0.7640625 0.47265625 0.1328125 0.4171875