2 0.68984375 0.6234375 0.1234375 0.60078125
2 0.33125 0.409375 0.04296875 0.18125
2 0.38125 0.37265625 0.03828125 0.1078125
2 0.46015625 0.42109375 0.03046875 0.07265625
2 0.48671875 0.3765625 0.0265625 0.0421875
2 0.521875 0.38359375 0.02578125 0.0515625
2 0.7328125 0.4109375 0.0265625 0.02890625
2 0.7640625 0.42578125 0.028125 0.05546875
2 0.85234375 0.55859375 0.07421875 0.26328125
2 0.91875 0.66796875 0.1609375 0.37421875
2 0.89453125 0.45859375 0.0359375 0.125
2 0.9390625 0.45390625 0.05859375 0.10078125