2 0.025 0.76484375 0.05 0.4046875
2 0.08671875 0.7734375 0.1328125 0.4515625
2 0.2 0.74453125 0.05 0.3171875
2 0.27578125 0.7265625 0.034375 0.253125
2 0.32421875 0.74375 0.0671875 0.3265625
2 0.39375 0.74375 0.0625 0.29375
2 0.4390625 0.7203125 0.0640625 0.296875
2 0.49453125 0.66171875 0.065625 0.1765625
2 0.5515625 0.79296875 0.1046875 0.4125
2 0.54609375 0.54609375 0.05 0.1234375
2 0.61640625 0.54140625 0.0421875 0.1046875
2 0.66328125 0.78359375 0.1125 0.43125
2 0.72421875 0.721875 0.0546875 0.275
2 0.89765625 0.5828125 0.0328125 0.034375
2 0.94921875 0.72734375 0.0671875 0.303125