2 0.76484375 0.975 0.4046875 0.05
2 0.7734375 0.91328125 0.4515625 0.1328125
2 0.74453125 0.8 0.3171875 0.05
2 0.7265625 0.72421875 0.253125 0.034375
2 0.74375 0.67578125 0.3265625 0.0671875
2 0.74375 0.60625 0.29375 0.0625
2 0.7203125 0.5609375 0.296875 0.0640625
2 0.66171875 0.50546875 0.1765625 0.065625
2 0.79296875 0.4484375 0.4125 0.1046875
2 0.54609375 0.45390625 0.1234375 0.05
2 0.54140625 0.38359375 0.1046875 0.0421875
2 0.78359375 0.33671875 0.43125 0.1125
2 0.721875 0.27578125 0.275 0.0546875
2 0.5828125 0.10234375 0.034375 0.0328125
2 0.72734375 0.05078125 0.303125 0.0671875