2 0.059375 0.17109375 0.1015625 0.26328125
2 0.0265625 0.29453125 0.05234375 0.2328125
2 0.0390625 0.51328125 0.078125 0.2796875
2 0.26015625 0.17265625 0.04765625 0.2421875
2 0.278125 0.16796875 0.0375 0.21328125
2 0.3546875 0.209375 0.13046875 0.290625
2 0.365625 0.10390625 0.0484375 0.084375
2 0.37265625 0.08828125 0.01796875 0.02421875
2 0.40625 0.0890625 0.0140625 0.02265625
2 0.428125 0.19140625 0.0421875 0.25
2 0.46484375 0.15078125 0.015625 0.14921875
2 0.4703125 0.0875 0.0125 0.0203125
2 0.5015625 0.16015625 0.03984375 0.184375
2 0.50546875 0.090625 0.00859375 0.00703125
2 0.53125 0.12109375 0.01796875 0.0875
2 0.53984375 0.07734375 0.01796875 0.02421875
2 0.540625 0.12890625 0.01953125 0.07578125