2 0.059375 0.17109375 0.1015625 0.2625
2 0.0265625 0.29453125 0.053125 0.2328125
2 0.0390625 0.51328125 0.078125 0.2796875
2 0.26015625 0.17265625 0.046875 0.2421875
2 0.278125 0.16796875 0.0375 0.2125
2 0.3546875 0.209375 0.13125 0.290625
2 0.365625 0.10390625 0.0484375 0.084375
2 0.37265625 0.08828125 0.01875 0.025
2 0.40625 0.0890625 0.0140625 0.021875
2 0.428125 0.19140625 0.0421875 0.25
2 0.46484375 0.15078125 0.015625 0.15
2 0.4703125 0.0875 0.0125 0.0203125
2 0.5015625 0.16015625 0.040625 0.184375
2 0.50546875 0.090625 0.009375 0.00625
2 0.53125 0.12109375 0.01875 0.0875
2 0.53984375 0.07734375 0.01875 0.025
2 0.540625 0.12890625 0.01875 0.075