2 0.17109375 0.940625 0.2625 0.1015625
2 0.29453125 0.9734375 0.2328125 0.053125
2 0.51328125 0.9609375 0.2796875 0.078125
2 0.17265625 0.73984375 0.2421875 0.0484375
2 0.16796875 0.721875 0.2125 0.0375
2 0.209375 0.6453125 0.290625 0.13125
2 0.10390625 0.634375 0.084375 0.0484375
2 0.08828125 0.62734375 0.025 0.01875
2 0.0890625 0.59375 0.021875 0.0140625
2 0.19140625 0.571875 0.25 0.0421875
2 0.15078125 0.53515625 0.15 0.015625
2 0.0875 0.5296875 0.0203125 0.0125
2 0.16015625 0.4984375 0.184375 0.040625
2 0.090625 0.49453125 0.00625 0.009375
2 0.12109375 0.46875 0.0875 0.01875
2 0.07734375 0.46015625 0.025 0.01875
2 0.12890625 0.459375 0.075 0.01875