2 0.0125 0.26015625 0.025 0.0640625
2 0.1859375 0.590625 0.371875 0.815625
2 0.1875 0.15390625 0.021875 0.046875
2 0.2046875 0.15390625 0.0125 0.021875
2 0.22890625 0.13671875 0.00625 0.015625
2 0.2390625 0.1234375 0.0140625 0.0140625
2 0.27109375 0.14609375 0.0078125 0.0140625
2 0.29765625 0.165625 0.021875 0.028125
2 0.3765625 0.20234375 0.01875 0.040625
2 0.41015625 0.34765625 0.08125 0.209375
2 0.44453125 0.32109375 0.0484375 0.1015625
2 0.5671875 0.34140625 0.0453125 0.140625
2 0.59453125 0.3046875 0.0375 0.065625
2 0.7921875 0.5390625 0.415625 0.921875
2 0.603125 0.25078125 0.0171875 0.040625
2 0.64765625 0.26015625 0.0109375 0.025
2 0.659375 0.25546875 0.0125 0.0375
2 0.71484375 0.353125 0.05 0.16875
2 0.76875 0.37265625 0.021875 0.05625
2 0.765625 0.33828125 0.0078125 0.015625
2 0.77578125 0.35078125 0.0109375 0.0484375
2 0.7828125 0.28359375 0.009375 0.0125
2 0.85 0.35 0.10625 0.253125
2 0.9453125 0.4765625 0.08125 0.2
2 0.94453125 0.49296875 0.0265625 0.065625