2 0.73984375 0.0125 0.0640625 0.025
2 0.409375 0.1859375 0.815625 0.371875
2 0.84609375 0.1875 0.046875 0.021875
2 0.84609375 0.2046875 0.021875 0.0125
2 0.86328125 0.22890625 0.015625 0.00625
2 0.8765625 0.2390625 0.0140625 0.0140625
2 0.85390625 0.27109375 0.0140625 0.0078125
2 0.834375 0.29765625 0.028125 0.021875
2 0.79765625 0.3765625 0.040625 0.01875
2 0.65234375 0.41015625 0.209375 0.08125
2 0.67890625 0.44453125 0.1015625 0.0484375
2 0.65859375 0.5671875 0.140625 0.0453125
2 0.6953125 0.59453125 0.065625 0.0375
2 0.4609375 0.7921875 0.921875 0.415625
2 0.74921875 0.603125 0.040625 0.0171875
2 0.73984375 0.64765625 0.025 0.0109375
2 0.74453125 0.659375 0.0375 0.0125
2 0.646875 0.71484375 0.16875 0.05
2 0.62734375 0.76875 0.05625 0.021875
2 0.66171875 0.765625 0.015625 0.0078125
2 0.64921875 0.77578125 0.0484375 0.0109375
2 0.71640625 0.7828125 0.0125 0.009375
2 0.65 0.85 0.253125 0.1078125
2 0.5234375 0.9453125 0.2 0.08125
2 0.50703125 0.94453125 0.065625 0.0265625