1 0.08125 0.90078125 0.1625 0.19609375
1 0.36953125 0.80546875 0.2765625 0.371875
2 0.00625 0.33828125 0.0125 0.0328125
2 0.0421875 0.2953125 0.065625 0.10625
2 0.0921875 0.484375 0.11640625 0.421875
2 0.1453125 0.45703125 0.0828125 0.3890625
2 0.2046875 0.48515625 0.1046875 0.42734375
2 0.19296875 0.3140625 0.01875 0.0265625
2 0.2859375 0.48515625 0.10234375 0.375
2 0.32578125 0.478125 0.0671875 0.35703125
2 0.31015625 0.34921875 0.01875 0.015625
2 0.39375 0.49375 0.11015625 0.36796875
2 0.41484375 0.51015625 0.0390625 0.29296875
2 0.4234375 0.37265625 0.0359375 0.0484375
2 0.60390625 0.3671875 0.0328125 0.0375
2 0.7671875 0.5015625 0.06875 0.27578125
2 0.8578125 0.48125 0.065625 0.28515625