1 0.90078125 0.91875 0.196875 0.1625
1 0.80546875 0.63046875 0.371875 0.2765625
2 0.33828125 0.99375 0.0328125 0.0125
2 0.2953125 0.9578125 0.10625 0.065625
2 0.484375 0.9078125 0.421875 0.1171875
2 0.45703125 0.8546875 0.3890625 0.0828125
2 0.48515625 0.7953125 0.428125 0.1046875
2 0.3140625 0.80703125 0.0265625 0.01875
2 0.48515625 0.7140625 0.375 0.103125
2 0.478125 0.67421875 0.35625 0.0671875
2 0.34921875 0.68984375 0.015625 0.01875
2 0.49375 0.60625 0.36875 0.109375
2 0.51015625 0.58515625 0.29375 0.0390625
2 0.37265625 0.5765625 0.0484375 0.0359375
2 0.3671875 0.39609375 0.0375 0.0328125
2 0.5015625 0.2328125 0.275 0.06875
2 0.48125 0.1421875 0.284375 0.065625